Membrane potentials: 
0.109725
0.218904
0.327537
0.435629
0.543182
0.650198
0.756681
0.862632
0.968055
1.07295
1.17733
1.28118
1.38452
1.48734
1.58964
1.69144
1.79273
1.89351
1.9938
2.09358
2.19286
2.29165
2.38994
2.48775
2.58507
2.6819
2.77825
2.87412
2.96951
3.06442
3.15887
3.25284
3.34634
3.43937
3.53195
3.62406
3.71571
3.8069
3.89764
3.98792
4.07776
4.16715
4.25609
4.34459
4.43264
4.52026
4.60744
4.69419
4.7805
4.86638
4.95184
5.03687
5.12147
5.20565
5.28941
5.37276
5.45569
5.5382
5.62031
5.702
5.78329
5.86417
5.94464
6.02472
6.1044
6.18368
6.26256
6.34105
6.41915
6.49686
6.57418
6.65112
6.72767
6.80384
6.87964
6.95505
7.03009
7.10475
7.17904
7.25296
7.32651
7.39969
7.47251
7.54497
7.61706
7.6888
7.76018
7.8312
7.90187
7.97218
8.04214
8.11176
8.18103
8.24995
8.31853
8.38677
8.45466
8.52222
8.58944
8.65633
8.72288
8.7891
8.85499
8.92055
8.98578
9.05069
9.11528
9.17954
9.24348
9.3071
9.37041
9.4334
9.49608
9.55844
9.62049
9.68224
9.74367
9.8048
9.86562
9.92614
9.98636
10.0463
10.1059
10.1652
10.2242
10.283
10.3414
10.3996
10.4574
10.515
10.5723
10.6293
10.686
10.7424
10.7986
10.8544
10.91
10.9653
11.0204
11.0751
11.1296
11.1838
11.2378
11.2915
11.3449
11.398
11.4509
11.5035
11.5558
11.6079
11.6598
11.7113
11.7627
11.8137
11.8645
11.9151
11.9654
12.0154
12.0652
12.1148
12.1641
12.2131
12.2619
12.3105
12.3588
12.4069
12.4548
12.5024
12.5497
12.5969
12.6438
12.6904
12.7369
12.7831
12.829
12.8748
12.9203
12.9656
13.0106
13.0555
13.1001
13.1445
13.1886
13.2326
13.2763
13.3198
13.3631
13.4062
13.449
13.4917
13.5341
13.5764
13.6184
13.6602
13.7018
13.7432
13.7843
13.8253
13.8661
13.9067
13.947
13.9872
14.0271
14.0669
14.1065
14.1458
14.185
14.224
14.2628
14.3014
14.3398
14.378
14.416
14.4538
14.4914
14.5289
14.5662
14.6032
14.6401
14.6768
14.7134
14.7497
14.7859
14.8218
14.8576
14.8933
14.9287
14.964
14.9991
15.034
15.0687
15.1033
15.1377
15.1719
15.206
15.2399
15.2736
15.3071
15.3405
15.3737
15.4068
15.4397
15.4724
15.5049
15.5373
15.5696
15.6016
15.6335
15.6653
15.6969
15.7283
15.7596
15.7907
15.8217
15.8525
15.8832
15.9137
15.944
15.9742
16.0043
16.0342
16.064
16.0936
16.123
16.1523
16.1815
16.2105
16.2394
16.2681
16.2967
16.3252
16.3535
16.3816
16.4096
16.4375
16.4653
16.4929
16.5203
16.5477
16.5749
16.6019
16.6288
16.6556
16.6823
16.7088
16.7352
16.7615
16.7876
16.8136
16.8395
16.8652
16.8908
16.9163
16.9416
16.9669
16.992
17.0169
17.0418
17.0665
17.0911
17.1156
17.14
17.1642
17.1883
17.2123
17.2362
17.26
17.2836
17.3071
17.3305
17.3538
17.377
17.4001
17.423
17.4458
17.4685
17.4911
17.5136
17.536
17.5583
17.5804
17.6025
17.6244
17.6462
17.6679
17.6895
17.711
17.7324
17.7537
17.7749
17.796
17.8169
17.8378
17.8586
17.8792
17.8998
17.9202
17.9406
17.9608
17.981
18.001
18.021
18.0408
18.0605
18.0802
18.0997
18.1192
18.1386
18.1578
18.177
18.196
18.215
18.2339
18.2527
18.2714
18.29
18.3085
18.3269
18.3452
18.3634
18.3816
18.3996
18.4176
18.4354
18.4532
18.4709
18.4885
18.506
18.5234
18.5408
18.558
18.5752
18.5923
18.6093
18.6262
18.643
18.6598
18.6764
18.693
18.7095
18.7259
18.7422
18.7585
18.7746
18.7907
18.8067
18.8227
18.8385
18.8543
18.87
18.8856
18.9011
18.9166
18.9319
18.9473
18.9625
18.9776
18.9927
19.0077
19.0226
19.0375
19.0522
19.067
19.0816
19.0961
19.1106
19.125
19.1394
19.1536
19.1678
19.182
19.196
19.21
19.2239
19.2378
19.2515
19.2652
19.2789
19.2925
19.306
19.3194
19.3328
19.3461
19.3593
19.3725
19.3856
19.3986
19.4116
19.4245
19.4373
19.4501
19.4628
19.4755
19.4881
19.5006
19.5131
19.5255
19.5378
19.5501
19.5623
19.5745
19.5866
19.5986
19.6106
19.6225
19.6344
19.6462
19.6579
19.6696
19.6812
19.6928
19.7043
19.7157
19.7271
19.7385
19.7497
19.761
19.7721
19.7832
19.7943
19.8053
19.8163
19.8271
19.838
19.8488
19.8595
19.8702
19.8808
19.8914
19.9019
19.9123
19.9228
19.9331
19.9434
19.9537
19.9639
19.974
19.9841
19.9942
20.0042
0
0
0.109725
0.218904
0.327537
0.435629
0.543182
0.650198
0.756681
0.862632
0.968055
1.07295
1.17733
1.28118
1.38452
1.48734
1.58964
1.69144
1.79273
1.89351
1.9938
2.09358
2.19286
2.29165
2.38994
2.48775
2.58507
2.6819
2.77825
2.87412
2.96951
3.06442
3.15887
3.25284
3.34634
3.43937
3.53195
3.62406
3.71571
3.8069
3.89764
3.98792
4.07776
4.16715
4.25609
4.34459
4.43264
4.52026
4.60744
4.69419
4.7805
4.86638
4.95184
5.03687
5.12147
5.20565
5.28941
5.37276
5.45569
5.5382
5.62031
5.702
5.78329
5.86417
5.94464
6.02472
6.1044
6.18368
6.26256
6.34105
6.41915
6.49686
6.57418
6.65112
6.72767
6.80384
6.87964
6.95505
7.03009
7.10475
7.17904
7.25296
7.32651
7.39969
7.47251
7.54497
7.61706
7.6888
7.76018
7.8312
7.90187
7.97218
8.04214
8.11176
8.18103
8.24995
8.31853
8.38677
8.45466
8.52222
8.58944
8.65633
8.72288
8.7891
8.85499
8.92055
8.98578
9.05069
9.11528
9.17954
9.24348
9.3071
9.37041
9.4334
9.49608
9.55844
9.62049
9.68224
9.74367
9.8048
9.86562
9.92614
9.98636
10.0463
10.1059
10.1652
10.2242
10.283
10.3414
10.3996
10.4574
10.515
10.5723
10.6293
10.686
10.7424
10.7986
10.8544
10.91
10.9653
11.0204
11.0751
11.1296
11.1838
11.2378
11.2915
11.3449
11.398
11.4509
11.5035
11.5558
11.6079
11.6598
11.7113
11.7627
11.8137
11.8645
11.9151
11.9654
12.0154
12.0652
12.1148
12.1641
12.2131
12.2619
12.3105
12.3588
12.4069
12.4548
12.5024
12.5497
12.5969
12.6438
12.6904
12.7369
12.7831
12.829
12.8748
12.9203
12.9656
13.0106
13.0555
13.1001
13.1445
13.1886
13.2326
13.2763
13.3198
13.3631
13.4062
13.449
13.4917
13.5341
13.5764
13.6184
13.6602
13.7018
13.7432
13.7843
13.8253
13.8661
13.9067
13.947
13.9872
14.0271
14.0669
14.1065
14.1458
14.185
14.224
14.2628
14.3014
14.3398
14.378
14.416
14.4538
14.4914
14.5289
14.5662
14.6032
14.6401
14.6768
14.7134
14.7497
14.7859
14.8218
14.8576
14.8933
14.9287
14.964
14.9991
15.034
15.0687
15.1033
15.1377
15.1719
15.206
15.2399
15.2736
15.3071
15.3405
15.3737
15.4068
15.4397
15.4724
15.5049
15.5373
15.5696
15.6016
15.6335
15.6653
15.6969
15.7283
15.7596
15.7907
15.8217
15.8525
15.8832
15.9137
15.944
15.9742
16.0043
16.0342
16.064
16.0936
16.123
16.1523
16.1815
16.2105
16.2394
16.2681
16.2967
16.3252
16.3535
16.3816
16.4096
16.4375
16.4653
16.4929
16.5203
16.5477
16.5749
16.6019
16.6288
16.6556
16.6823
16.7088
16.7352
16.7615
16.7876
16.8136
16.8395
16.8652
16.8908
16.9163
16.9416
16.9669
16.992
17.0169
17.0418
17.0665
17.0911
17.1156
17.14
17.1642
17.1883
17.2123
17.2362
17.26
17.2836
17.3071
17.3305
17.3538
17.377
17.4001
17.423
17.4458
17.4685
17.4911
17.5136
17.536
17.5583
17.5804
17.6025
17.6244
17.6462
17.6679
17.6895
17.711
17.7324
17.7537
17.7749
17.796
17.8169
17.8378
17.8586
17.8792
17.8998
17.9202
17.9406
17.9608
17.981
18.001
18.021
18.0408
18.0605
18.0802
18.0997
18.1192
18.1386
18.1578
18.177
18.196
18.215
18.2339
18.2527
18.2714
18.29
18.3085
18.3269
18.3452
18.3634
18.3816
18.3996
18.4176
18.4354
18.4532
18.4709
18.4885
18.506
18.5234
18.5408
18.558
18.5752
18.5923
18.6093
18.6262
18.643
18.6598
18.6764
18.693
18.7095
18.7259
18.7422
18.7585
18.7746
18.7907
18.8067
18.8227
18.8385
18.8543
18.87
18.8856
18.9011
18.9166
18.9319
18.9473
18.9625
18.9776
18.9927
19.0077
19.0226
19.0375
19.0522
19.067
19.0816
19.0961
19.1106
19.125
19.1394
19.1536
19.1678
19.182
19.196
19.21
19.2239
19.2378
19.2515
19.2652
19.2789
19.2925
19.306
19.3194
19.3328
19.3461
19.3593
19.3725
19.3856
19.3986
19.4116
19.4245
19.4373
19.4501
19.4628
19.4755
19.4881
19.5006
19.5131
19.5255
19.5378
19.5501
19.5623
19.5745
19.5866
19.5986
19.6106
19.6225
19.6344
19.6462
19.6579
19.6696
19.6812
19.6928
19.7043
19.7157
19.7271
19.7385
19.7497
19.761
19.7721
19.7832
19.7943
19.8053
19.8163
19.8271
19.838
19.8488
19.8595
19.8702
19.8808
19.8914
19.9019
19.9123
19.9228
19.9331
19.9434
19.9537
19.9639
19.974
19.9841
19.9942
20.0042
0
0
0.109725
0.218904
0.327537
0.435629
0.543182
0.650198
0.756681
0.862632
0.968055
1.07295
1.17733
1.28118
1.38452
1.48734
1.58964
1.69144
1.79273
1.89351
1.9938
2.09358
2.19286
2.29165
2.38994
2.48775
2.58507
2.6819
2.77825
2.87412
2.96951
3.06442
3.15887
3.25284
3.34634
3.43937
3.53195
3.62406
3.71571
3.8069
3.89764
3.98792
4.07776
4.16715
4.25609
4.34459
4.43264
4.52026
4.60744
4.69419
4.7805
4.86638
4.95184
5.03687
5.12147
5.20565
5.28941
5.37276
5.45569
5.5382
5.62031
5.702
5.78329
5.86417
5.94464
6.02472
6.1044
6.18368
6.26256
6.34105
6.41915
6.49686
6.57418
6.65112
6.72767
6.80384
6.87964
6.95505
7.03009
7.10475
7.17904
7.25296
7.32651
7.39969
7.47251
7.54497
7.61706
7.6888
7.76018
7.8312
7.90187
7.97218
8.04214
8.11176
8.18103
8.24995
8.31853
8.38677
8.45466
8.52222
8.58944
8.65633
8.72288
8.7891
8.85499
8.92055
8.98578
9.05069
9.11528
9.17954
9.24348
9.3071
9.37041
9.4334
9.49608
9.55844
9.62049
9.68224
9.74367
9.8048
9.86562
9.92614
9.98636
10.0463
10.1059
10.1652
10.2242
10.283
10.3414
10.3996
10.4574
10.515
10.5723
10.6293
10.686
10.7424
10.7986
10.8544
10.91
10.9653
11.0204
11.0751
11.1296
11.1838
11.2378
11.2915
11.3449
11.398
11.4509
11.5035
11.5558
11.6079
11.6598
11.7113
11.7627
11.8137
11.8645
11.9151
11.9654
12.0154
12.0652
12.1148
12.1641
12.2131
12.2619
12.3105
12.3588
12.4069
12.4548
12.5024
12.5497
12.5969
12.6438
12.6904
12.7369
12.7831
12.829
12.8748
12.9203
12.9656
13.0106
13.0555
13.1001
13.1445
13.1886
13.2326
13.2763
13.3198
13.3631
13.4062
13.449
13.4917
13.5341
13.5764
13.6184
13.6602
13.7018
13.7432
13.7843
13.8253
13.8661
13.9067
13.947
13.9872
14.0271
14.0669
14.1065
14.1458
14.185
14.224
14.2628
14.3014
14.3398
14.378
14.416
14.4538
14.4914
14.5289
14.5662
14.6032
14.6401
14.6768
14.7134
14.7497
14.7859
14.8218
14.8576
14.8933
14.9287
14.964
14.9991
15.034
15.0687
15.1033
15.1377
15.1719
15.206
15.2399
15.2736
15.3071
15.3405
15.3737
15.4068
15.4397
15.4724
15.5049
15.5373
15.5696
15.6016
15.6335
15.6653
15.6969
15.7283
15.7596
15.7907
15.8217
15.8525
15.8832
15.9137
15.944
15.9742
16.0043
16.0342
16.064
16.0936
16.123
16.1523
16.1815
16.2105
16.2394
16.2681
16.2967
16.3252
16.3535
16.3816
16.4096
16.4375
16.4653
16.4929
16.5203
16.5477
16.5749
16.6019
16.6288
16.6556
16.6823
16.7088
16.7352
16.7615
16.7876
16.8136
16.8395
16.8652
16.8908
16.9163
16.9416
16.9669
16.992
17.0169
17.0418
17.0665
17.0911
17.1156
17.14
17.1642
17.1883
17.2123
17.2362
17.26
17.2836
17.3071
17.3305
17.3538
17.377
17.4001
17.423
17.4458
17.4685
17.4911
17.5136
17.536
17.5583
17.5804
17.6025
17.6244
17.6462
17.6679
17.6895
17.711
17.7324
17.7537
17.7749
17.796
17.8169
17.8378
17.8586
17.8792
17.8998
17.9202
17.9406
17.9608
17.981
18.001
18.021
18.0408
18.0605
18.0802
18.0997
18.1192
18.1386
18.1578
18.177
18.196
18.215
18.2339
18.2527
18.2714
18.29
18.3085
18.3269
18.3452
18.3634
18.3816
18.3996
18.4176
18.4354
18.4532
18.4709
18.4885
18.506
18.5234
18.5408
18.558
18.5752
18.5923
18.6093
18.6262
18.643
18.6598
18.6764
18.693
18.7095
18.7259
18.7422
18.7585
18.7746
18.7907
18.8067
18.8227
18.8385
18.8543
18.87
18.8856
18.9011
18.9166
18.9319
18.9473
18.9625
18.9776
18.9927
19.0077
19.0226
19.0375
19.0522
19.067
19.0816
19.0961
19.1106
19.125
19.1394
19.1536
19.1678
19.182
19.196
19.21
19.2239
19.2378
19.2515
19.2652
19.2789
19.2925
19.306
19.3194
19.3328
19.3461
19.3593
19.3725
19.3856
19.3986
19.4116
19.4245
19.4373
19.4501
19.4628
19.4755
19.4881
19.5006
19.5131
19.5255
19.5378
19.5501
19.5623
19.5745
19.5866
19.5986
19.6106
19.6225
19.6344
19.6462
19.6579
19.6696
19.6812
19.6928
19.7043
19.7157
19.7271
19.7385
19.7497
19.761
19.7721
19.7832
19.7943
19.8053
19.8163
19.8271
19.838
19.8488
19.8595
19.8702
19.8808
19.8914
19.9019
19.9123
19.9228
19.9331
19.9434
19.9537
19.9639
19.974
19.9841
19.9942
20.0042
0
0
0.109725
0.218904
0.327537
0.435629
0.543182
0.650198
0.756681
0.862632
0.968055
1.07295
1.17733
1.28118
1.38452
1.48734
1.58964
1.69144
1.79273
1.89351
1.9938
2.09358
2.19286
2.29165
2.38994
2.48775
2.58507
2.6819
2.77825
2.87412
2.96951
3.06442
3.15887
3.25284
3.34634
3.43937
3.53195
3.62406
3.71571
3.8069
3.89764
3.98792
4.07776
4.16715
4.25609
4.34459
4.43264
4.52026
4.60744
4.69419
4.7805
4.86638
4.95184
5.03687
5.12147
5.20565
5.28941
5.37276
5.45569
5.5382
5.62031
5.702
5.78329
5.86417
5.94464
6.02472
6.1044
6.18368
6.26256
6.34105
6.41915
6.49686
6.57418
6.65112
6.72767
6.80384
6.87964
6.95505
7.03009
7.10475
7.17904
7.25296
7.32651
7.39969
7.47251
7.54497
7.61706
7.6888
7.76018
7.8312
7.90187
7.97218
8.04214
8.11176
8.18103
8.24995
8.31853
8.38677
8.45466
8.52222
8.58944
8.65633
8.72288
8.7891
8.85499
8.92055
8.98578
9.05069
9.11528
9.17954
9.24348
9.3071
9.37041
9.4334
9.49608
9.55844
9.62049
9.68224
9.74367
9.8048
9.86562
9.92614
9.98636
10.0463
10.1059
10.1652
10.2242
10.283
10.3414
10.3996
10.4574
10.515
10.5723
10.6293
10.686
10.7424
10.7986
10.8544
10.91
10.9653
11.0204
11.0751
11.1296
11.1838
11.2378
11.2915
11.3449
11.398
11.4509
11.5035
11.5558
11.6079
11.6598
11.7113
11.7627
11.8137
11.8645
11.9151
11.9654
12.0154
12.0652
12.1148
12.1641
12.2131
12.2619
12.3105
12.3588
12.4069
12.4548
12.5024
12.5497
12.5969
12.6438
12.6904
12.7369
12.7831
12.829
12.8748
12.9203
12.9656
13.0106
13.0555
13.1001
13.1445
13.1886
13.2326
13.2763
13.3198
13.3631
13.4062
13.449
13.4917
13.5341
13.5764
13.6184
13.6602
13.7018
13.7432
13.7843
13.8253
13.8661
13.9067
13.947
13.9872
14.0271
14.0669
14.1065
14.1458
14.185
14.224
14.2628
14.3014
14.3398
14.378
14.416
14.4538
14.4914
14.5289
14.5662
14.6032
14.6401
14.6768
14.7134
14.7497
14.7859
14.8218
14.8576
14.8933
14.9287
14.964
14.9991
15.034
15.0687
15.1033
15.1377
15.1719
15.206
15.2399
15.2736
15.3071
15.3405
15.3737
15.4068
15.4397
15.4724
15.5049
15.5373
15.5696
15.6016
15.6335
15.6653
15.6969
15.7283
15.7596
15.7907
15.8217
15.8525
15.8832
15.9137
15.944
15.9742
16.0043
16.0342
16.064
16.0936
16.123
16.1523
16.1815
16.2105
16.2394
16.2681
16.2967
16.3252
16.3535
16.3816
16.4096
16.4375
16.4653
16.4929
16.5203
16.5477
16.5749
16.6019
16.6288
16.6556
16.6823
16.7088
16.7352
16.7615
16.7876
16.8136
16.8395
16.8652
16.8908
16.9163
16.9416
16.9669
16.992
17.0169
17.0418
17.0665
17.0911
17.1156
17.14
17.1642
17.1883
17.2123
17.2362
17.26
17.2836
17.3071
17.3305
17.3538
17.377
17.4001
17.423
17.4458
17.4685
17.4911
17.5136
17.536
17.5583
17.5804
17.6025
17.6244
17.6462
17.6679
17.6895
17.711
17.7324
17.7537
17.7749
17.796
17.8169
17.8378
17.8586
17.8792
17.8998
17.9202
17.9406
17.9608
17.981
18.001
18.021
18.0408
18.0605
18.0802
18.0997
18.1192
18.1386
18.1578
18.177
18.196
18.215
18.2339
18.2527
18.2714
18.29
18.3085
18.3269
18.3452
18.3634
18.3816
18.3996
18.4176
18.4354
18.4532
18.4709
18.4885
18.506
18.5234
18.5408
18.558
18.5752
18.5923
18.6093
18.6262
18.643
18.6598
18.6764
18.693
18.7095
18.7259
18.7422
18.7585
18.7746
18.7907
18.8067
18.8227
18.8385
18.8543
18.87
18.8856
18.9011
18.9166
18.9319
18.9473
18.9625
18.9776
18.9927
19.0077
19.0226
19.0375
19.0522
19.067
19.0816
19.0961
19.1106
19.125
19.1394
19.1536
19.1678
19.182
19.196
19.21
19.2239
19.2378
19.2515
19.2652
19.2789
19.2925
19.306
19.3194
19.3328
19.3461
19.3593
19.3725
19.3856
19.3986
19.4116
19.4245
19.4373
19.4501
19.4628
19.4755
19.4881
19.5006
19.5131
19.5255
19.5378
19.5501
19.5623
19.5745
19.5866
19.5986
19.6106
19.6225
19.6344
19.6462
19.6579
19.6696
19.6812
19.6928
19.7043
19.7157
19.7271
19.7385
19.7497
19.761
19.7721
19.7832
19.7943
19.8053
19.8163
19.8271
19.838
19.8488
19.8595
19.8702
19.8808
19.8914
19.9019
19.9123
19.9228
19.9331
19.9434
19.9537
19.9639
19.974
19.9841
19.9942
20.0042
0
0
0.109725
0.218904
0.327537
0.435629
0.543182
0.650198
0.756681
0.862632
0.968055
1.07295
1.17733
1.28118
1.38452
1.48734
1.58964
1.69144
1.79273
1.89351
1.9938
2.09358
2.19286
2.29165
2.38994
2.48775
2.58507
2.6819
2.77825
2.87412
2.96951
3.06442
3.15887
3.25284
3.34634
3.43937
3.53195
3.62406
3.71571
3.8069
3.89764
3.98792
4.07776
4.16715
4.25609
4.34459
4.43264
4.52026
4.60744
4.69419
4.7805
4.86638
4.95184
5.03687
5.12147
5.20565
5.28941
5.37276
5.45569
5.5382
5.62031
5.702
5.78329
5.86417
5.94464
6.02472
6.1044
6.18368
6.26256
6.34105
6.41915
6.49686
6.57418
6.65112
6.72767
6.80384
6.87964
6.95505
7.03009
7.10475
7.17904
7.25296
7.32651
7.39969
7.47251
7.54497
7.61706
7.6888
7.76018
7.8312
7.90187
7.97218
8.04214
8.11176
8.18103
8.24995
8.31853
8.38677
8.45466
8.52222
8.58944
8.65633
8.72288
8.7891
8.85499
8.92055
8.98578
9.05069
9.11528
9.17954
9.24348
9.3071
9.37041
9.4334
9.49608
9.55844
9.62049
9.68224
9.74367
9.8048
9.86562
9.92614
9.98636
10.0463
10.1059
10.1652
10.2242
10.283
10.3414
10.3996
10.4574
10.515
10.5723
10.6293
10.686
10.7424
10.7986
10.8544
10.91
10.9653
11.0204
11.0751
11.1296
11.1838
11.2378
11.2915
11.3449
11.398
11.4509
11.5035
11.5558
11.6079
11.6598
11.7113
11.7627
11.8137
11.8645
11.9151
11.9654
12.0154
12.0652
12.1148
12.1641
12.2131
12.2619
12.3105
12.3588
12.4069
12.4548
12.5024
12.5497
12.5969
12.6438
12.6904
12.7369
12.7831
12.829
12.8748
12.9203
12.9656
13.0106
13.0555
13.1001
13.1445
13.1886
13.2326
13.2763
13.3198
13.3631
13.4062
13.449
13.4917
13.5341
13.5764
13.6184
13.6602
13.7018
13.7432
13.7843
13.8253
13.8661
13.9067
13.947
13.9872
14.0271
14.0669
14.1065
14.1458
14.185
14.224
14.2628
14.3014
14.3398
14.378
14.416
14.4538
14.4914
14.5289
14.5662
14.6032
14.6401
14.6768
14.7134
14.7497
14.7859
14.8218
14.8576
14.8933
14.9287
14.964
14.9991
15.034
15.0687
15.1033
15.1377
15.1719
15.206
15.2399
15.2736
15.3071
15.3405
15.3737
15.4068
15.4397
15.4724
15.5049
15.5373
15.5696
15.6016
15.6335
15.6653
15.6969
15.7283
15.7596
15.7907
15.8217
15.8525
15.8832
15.9137
15.944
15.9742
16.0043
16.0342
16.064
16.0936
16.123
16.1523
16.1815
16.2105
16.2394
16.2681
16.2967
16.3252
16.3535
16.3816
16.4096
16.4375
16.4653
16.4929
16.5203
16.5477
16.5749
16.6019
16.6288
16.6556
16.6823
16.7088
16.7352
16.7615
16.7876
16.8136
16.8395
16.8652
16.8908
16.9163
16.9416
16.9669
16.992
17.0169
17.0418
17.0665
17.0911
17.1156
17.14
17.1642
17.1883
17.2123
17.2362
17.26
17.2836
17.3071
17.3305
17.3538
17.377
17.4001
17.423
17.4458
17.4685
17.4911
17.5136
17.536
17.5583
17.5804
17.6025
17.6244
17.6462
17.6679
17.6895
17.711
17.7324
17.7537
17.7749
17.796
17.8169
17.8378
17.8586
17.8792
17.8998
17.9202
17.9406
17.9608
17.981
18.001
18.021
18.0408
18.0605
18.0802
18.0997
18.1192
18.1386
18.1578
18.177
18.196
18.215
18.2339
18.2527
18.2714
18.29
18.3085
18.3269
18.3452
18.3634
18.3816
18.3996
18.4176
18.4354
18.4532
18.4709
18.4885
18.506
18.5234
18.5408
18.558
18.5752
18.5923
18.6093
18.6262
18.643
18.6598
18.6764
18.693
18.7095
18.7259
18.7422
18.7585
18.7746
18.7907
18.8067
18.8227
18.8385
18.8543
18.87
18.8856
18.9011
18.9166
18.9319
18.9473
18.9625
18.9776
18.9927
19.0077
19.0226
19.0375
19.0522
19.067
19.0816
19.0961
19.1106
19.125
19.1394
19.1536
19.1678
19.182
19.196
19.21
19.2239
19.2378
19.2515
19.2652
19.2789
19.2925
19.306
19.3194
19.3328
19.3461
19.3593
19.3725
19.3856
19.3986
19.4116
19.4245
19.4373
19.4501
19.4628
19.4755
19.4881
19.5006
19.5131
19.5255
19.5378
19.5501
19.5623
19.5745
19.5866
19.5986
19.6106
19.6225
19.6344
19.6462
19.6579
19.6696
19.6812
19.6928
19.7043
19.7157
19.7271
19.7385
19.7497
19.761
19.7721
19.7832
19.7943
19.8053
19.8163
19.8271
19.838
19.8488
19.8595
19.8702
19.8808
19.8914
19.9019
19.9123
19.9228
19.9331
19.9434
19.9537
19.9639
19.974
19.9841
19.9942
20.0042
0
0
0.109725
0.218904
0.327537
0.435629
0.543182
0.650198
0.756681
0.862632
0.968055
1.07295
1.17733
1.28118
1.38452
1.48734
1.58964
1.69144
1.79273
1.89351
1.9938
2.09358
2.19286
2.29165
2.38994
2.48775
2.58507
2.6819
2.77825
2.87412
2.96951
3.06442
3.15887
3.25284
3.34634
3.43937
3.53195
3.62406
3.71571
3.8069
3.89764
3.98792
4.07776
4.16715
4.25609
4.34459
4.43264
4.52026
4.60744
4.69419
4.7805
4.86638
4.95184
5.03687
5.12147
5.20565
5.28941
5.37276
5.45569
5.5382
5.62031
5.702
5.78329
5.86417
5.94464
6.02472
6.1044
6.18368
6.26256
6.34105
6.41915
6.49686
6.57418
6.65112
6.72767
6.80384
6.87964
6.95505
7.03009
7.10475
7.17904
7.25296
7.32651
7.39969
7.47251
7.54497
7.61706
7.6888
7.76018
7.8312
7.90187
7.97218
8.04214
8.11176
8.18103
8.24995
8.31853
8.38677
8.45466
8.52222
8.58944
8.65633
8.72288
8.7891
8.85499
8.92055
8.98578
9.05069
9.11528
9.17954
9.24348
9.3071
9.37041
9.4334
9.49608
9.55844
9.62049
9.68224
9.74367
9.8048
9.86562
9.92614
9.98636
10.0463
10.1059
10.1652
10.2242
10.283
10.3414
10.3996
10.4574
10.515
10.5723
10.6293
10.686
10.7424
10.7986
10.8544
10.91
10.9653
11.0204
11.0751
11.1296
11.1838
11.2378
11.2915
11.3449
11.398
11.4509
11.5035
11.5558
11.6079
11.6598
11.7113
11.7627
11.8137
11.8645
11.9151
11.9654
12.0154
12.0652
12.1148
12.1641
12.2131
12.2619
12.3105
12.3588
12.4069
12.4548
12.5024
12.5497
12.5969
12.6438
12.6904
12.7369
12.7831
12.829
12.8748
12.9203
12.9656
13.0106
13.0555
13.1001
13.1445
13.1886
13.2326
13.2763
13.3198
13.3631
13.4062
13.449
13.4917
13.5341
13.5764
13.6184
13.6602
13.7018
13.7432
13.7843
13.8253
13.8661
13.9067
13.947
13.9872
14.0271
14.0669
14.1065
14.1458
14.185
14.224
14.2628
14.3014
14.3398
14.378
14.416
14.4538
14.4914
14.5289
14.5662
14.6032
14.6401
14.6768
14.7134
14.7497
14.7859
14.8218
14.8576
14.8933
14.9287
14.964
14.9991
15.034
15.0687
15.1033
15.1377
15.1719
15.206
15.2399
15.2736
15.3071
15.3405
15.3737
15.4068
15.4397
15.4724
15.5049
15.5373
15.5696
15.6016
15.6335
15.6653
15.6969
15.7283
15.7596
15.7907
15.8217
15.8525
15.8832
15.9137
15.944
15.9742
16.0043
16.0342
16.064
16.0936
16.123
16.1523
16.1815
16.2105
16.2394
16.2681
16.2967
16.3252
16.3535
16.3816
16.4096
16.4375
16.4653
16.4929
16.5203
16.5477
16.5749
16.6019
16.6288
16.6556
16.6823
16.7088
16.7352
16.7615
16.7876
16.8136
16.8395
16.8652
16.8908
16.9163
16.9416
16.9669
16.992
17.0169
17.0418
17.0665
17.0911
17.1156
17.14
17.1642
17.1883
17.2123
17.2362
17.26
17.2836
17.3071
17.3305
17.3538
17.377
17.4001
17.423
17.4458
17.4685
17.4911
17.5136
17.536
17.5583
17.5804
17.6025
17.6244
17.6462
17.6679
17.6895
17.711
17.7324
17.7537
17.7749
17.796
17.8169
17.8378
17.8586
17.8792
17.8998
17.9202
17.9406
17.9608
17.981
18.001
18.021
18.0408
18.0605
18.0802
18.0997
18.1192
18.1386
18.1578
18.177
18.196
18.215
18.2339
18.2527
18.2714
18.29
18.3085
18.3269
18.3452
18.3634
18.3816
18.3996
18.4176
18.4354
18.4532
18.4709
18.4885
18.506
18.5234
18.5408
18.558
18.5752
18.5923
18.6093
18.6262
18.643
18.6598
18.6764
18.693
18.7095
18.7259
18.7422
18.7585
18.7746
18.7907
18.8067
18.8227
18.8385
18.8543
18.87
18.8856
18.9011
18.9166
18.9319
18.9473
18.9625
18.9776
18.9927
19.0077
19.0226
19.0375
19.0522
19.067
19.0816
19.0961
19.1106
19.125
19.1394
19.1536
19.1678
19.182
19.196
19.21
19.2239
19.2378
19.2515
19.2652
19.2789
19.2925
19.306
19.3194
19.3328
19.3461
19.3593
19.3725
19.3856
19.3986
19.4116
19.4245
19.4373
19.4501
19.4628
19.4755
19.4881
19.5006
19.5131
19.5255
19.5378
19.5501
19.5623
19.5745
19.5866
19.5986
19.6106
19.6225
19.6344
19.6462
19.6579
19.6696
19.6812
19.6928
19.7043
19.7157
19.7271
19.7385
19.7497
19.761
19.7721
19.7832
19.7943
19.8053
19.8163
19.8271
19.838
19.8488
19.8595
19.8702
19.8808
19.8914
19.9019
19.9123
19.9228
19.9331
19.9434
19.9537
19.9639
19.974
19.9841
19.9942
20.0042
0
0
0.109725
0.218904
0.327537
0.435629
0.543182
0.650198
0.756681
0.862632
0.968055
1.07295
1.17733
1.28118
1.38452
1.48734
1.58964
1.69144
1.79273
1.89351
1.9938
2.09358
2.19286
2.29165
2.38994
2.48775
2.58507
2.6819
2.77825
2.87412
2.96951
3.06442
3.15887
3.25284
3.34634
3.43937
3.53195
3.62406
3.71571
3.8069
3.89764
3.98792
4.07776
4.16715
4.25609
4.34459
4.43264
4.52026
4.60744
4.69419
4.7805
4.86638
4.95184
5.03687
5.12147
5.20565
5.28941
5.37276
5.45569
5.5382
5.62031
5.702
5.78329
5.86417
5.94464
6.02472
6.1044
6.18368
6.26256
6.34105
6.41915
6.49686
6.57418
6.65112
6.72767
6.80384
6.87964
6.95505
7.03009
7.10475
7.17904
7.25296
7.32651
7.39969
7.47251
7.54497
7.61706
7.6888
7.76018
7.8312
7.90187
7.97218
8.04214
8.11176
8.18103
8.24995
8.31853
8.38677
8.45466
8.52222
8.58944
8.65633
8.72288
8.7891
8.85499
8.92055
8.98578
9.05069
9.11528
9.17954
9.24348
9.3071
9.37041
9.4334
9.49608
9.55844
9.62049
9.68224
9.74367
9.8048
9.86562
9.92614
9.98636
10.0463
10.1059
10.1652
10.2242
10.283
10.3414
10.3996
10.4574
10.515
10.5723
10.6293
10.686
10.7424
10.7986
10.8544
10.91
10.9653
11.0204
11.0751
11.1296
11.1838
11.2378
11.2915
11.3449
11.398
11.4509
11.5035
11.5558
11.6079
11.6598
11.7113
11.7627
11.8137
11.8645
11.9151
11.9654
12.0154
12.0652
12.1148
12.1641
12.2131
12.2619
12.3105
12.3588
12.4069
12.4548
12.5024
12.5497
12.5969
12.6438
12.6904
12.7369
12.7831
12.829
12.8748
12.9203
12.9656
13.0106
13.0555
13.1001
13.1445
13.1886
13.2326
13.2763
13.3198
13.3631
13.4062
13.449
13.4917
13.5341
13.5764
13.6184
13.6602
13.7018
13.7432
13.7843
13.8253
13.8661
13.9067
13.947
13.9872
14.0271
14.0669
14.1065
14.1458
14.185
14.224
14.2628
14.3014
14.3398
14.378
14.416
14.4538
14.4914
14.5289
14.5662
14.6032
14.6401
14.6768
14.7134
14.7497
14.7859
14.8218
14.8576
14.8933
14.9287
14.964
14.9991
15.034
15.0687
15.1033
15.1377
15.1719
15.206
15.2399
15.2736
15.3071
15.3405
15.3737
15.4068
15.4397
15.4724
15.5049
15.5373
15.5696
15.6016
15.6335
15.6653
15.6969
15.7283
15.7596
15.7907
15.8217
15.8525
15.8832
15.9137
15.944
15.9742
16.0043
16.0342
16.064
16.0936
16.123
16.1523
16.1815
16.2105
16.2394
16.2681
16.2967
16.3252
16.3535
16.3816
16.4096
16.4375
16.4653
16.4929
16.5203
16.5477
16.5749
16.6019
16.6288
16.6556
16.6823
16.7088
16.7352
16.7615
16.7876
16.8136
16.8395
16.8652
16.8908
16.9163
16.9416
16.9669
16.992
17.0169
17.0418
17.0665
17.0911
17.1156
17.14
17.1642
17.1883
17.2123
17.2362
17.26
17.2836
17.3071
17.3305
17.3538
17.377
17.4001
17.423
17.4458
17.4685
17.4911
17.5136
17.536
17.5583
17.5804
17.6025
17.6244
17.6462
17.6679
17.6895
17.711
17.7324
17.7537
17.7749
17.796
17.8169
17.8378
17.8586
17.8792
17.8998
17.9202
17.9406
17.9608
17.981
18.001
18.021
18.0408
18.0605
18.0802
18.0997
18.1192
18.1386
18.1578
18.177
18.196
18.215
18.2339
18.2527
18.2714
18.29
18.3085
18.3269
18.3452
18.3634
18.3816
18.3996
18.4176
18.4354
18.4532
18.4709
18.4885
18.506
18.5234
18.5408
18.558
18.5752
18.5923
18.6093
18.6262
18.643
18.6598
18.6764
18.693
18.7095
18.7259
18.7422
18.7585
18.7746
18.7907
18.8067
18.8227
18.8385
18.8543
18.87
18.8856
18.9011
18.9166
18.9319
18.9473
18.9625
18.9776
18.9927
19.0077
19.0226
19.0375
19.0522
19.067
19.0816
19.0961
19.1106
19.125
19.1394
19.1536
19.1678
19.182
19.196
19.21
19.2239
19.2378
19.2515
19.2652
19.2789
19.2925
19.306
19.3194
19.3328
19.3461
19.3593
19.3725
19.3856
19.3986
19.4116
19.4245
19.4373
19.4501
19.4628
19.4755
19.4881
19.5006
19.5131
19.5255
19.5378
19.5501
19.5623
19.5745
19.5866
19.5986
19.6106
19.6225
19.6344
19.6462
19.6579
19.6696
19.6812
19.6928
19.7043
19.7157
19.7271
19.7385
19.7497
19.761
19.7721
19.7832
19.7943
19.8053
19.8163
19.8271
19.838
19.8488
19.8595
19.8702
19.8808
19.8914
19.9019
19.9123
19.9228
19.9331
19.9434
19.9537
19.9639
19.974
19.9841
19.9942
20.0042
0
0
0.109725
0.218904
0.327537
0.435629
0.543182
0.650198
0.756681
0.862632
0.968055
1.07295
1.17733
1.28118
1.38452
1.48734
1.58964
1.69144
1.79273
1.89351
1.9938
2.09358
2.19286
2.29165
2.38994
2.48775
2.58507
2.6819
2.77825
2.87412
2.96951
3.06442
3.15887
3.25284
3.34634
3.43937
3.53195
3.62406
3.71571
3.8069
3.89764
3.98792
4.07776
4.16715
4.25609
4.34459
4.43264
4.52026
4.60744
4.69419
4.7805
4.86638
4.95184
5.03687
5.12147
5.20565
5.28941
5.37276
5.45569
5.5382
5.62031
5.702
5.78329
5.86417
5.94464
6.02472
6.1044
6.18368
6.26256
6.34105
6.41915
6.49686
6.57418
6.65112
6.72767
6.80384
6.87964
6.95505
7.03009
7.10475
7.17904
7.25296
7.32651
7.39969
7.47251
7.54497
7.61706
7.6888
7.76018
7.8312
7.90187
7.97218
8.04214
8.11176
8.18103
8.24995
8.31853
8.38677
8.45466
8.52222
8.58944
8.65633
8.72288
8.7891
8.85499
8.92055
8.98578
9.05069
9.11528
9.17954
9.24348
9.3071
9.37041
9.4334
9.49608
9.55844
9.62049
9.68224
9.74367
9.8048
9.86562
9.92614
9.98636
10.0463
10.1059
10.1652
10.2242
10.283
10.3414
10.3996
10.4574
10.515
10.5723
10.6293
10.686
10.7424
10.7986
10.8544
10.91
10.9653
11.0204
11.0751
11.1296
11.1838
11.2378
11.2915
11.3449
11.398
11.4509
11.5035
11.5558
11.6079
11.6598
11.7113
11.7627
11.8137
11.8645
11.9151
11.9654
12.0154
12.0652
12.1148
12.1641
12.2131
12.2619
12.3105
12.3588
12.4069
12.4548
12.5024
12.5497
12.5969
12.6438
12.6904
12.7369
12.7831
12.829
12.8748
12.9203
12.9656
13.0106
13.0555
13.1001
13.1445
13.1886
13.2326
13.2763
13.3198
13.3631
13.4062
13.449
13.4917
13.5341
13.5764
13.6184
13.6602
13.7018
13.7432
13.7843
13.8253
13.8661
13.9067
13.947
13.9872
14.0271
14.0669
14.1065
14.1458
14.185
14.224
14.2628
14.3014
14.3398
14.378
14.416
14.4538
14.4914
14.5289
14.5662
14.6032
14.6401
14.6768
14.7134
14.7497
14.7859
14.8218
14.8576
14.8933
14.9287
14.964
14.9991
15.034
15.0687
15.1033
15.1377
15.1719
15.206
15.2399
15.2736
15.3071
15.3405
15.3737
15.4068
15.4397
15.4724
15.5049
15.5373
15.5696
15.6016
15.6335
15.6653
15.6969
15.7283
15.7596
15.7907
15.8217
15.8525
15.8832
15.9137
15.944
15.9742
16.0043
16.0342
16.064
16.0936
16.123
16.1523
16.1815
16.2105
16.2394
16.2681
16.2967
16.3252
16.3535
16.3816
16.4096
16.4375
16.4653
16.4929
16.5203
16.5477
16.5749
16.6019
16.6288
16.6556
16.6823
16.7088
16.7352
16.7615
16.7876
16.8136
16.8395
16.8652
16.8908
16.9163
16.9416
16.9669
16.992
17.0169
17.0418
17.0665
17.0911
17.1156
17.14
17.1642
17.1883
17.2123
17.2362
17.26
17.2836
17.3071
17.3305
17.3538
17.377
17.4001
17.423
17.4458
17.4685
17.4911
17.5136
17.536
17.5583
17.5804
17.6025
17.6244
17.6462
17.6679
17.6895
17.711
17.7324
17.7537
17.7749
17.796
17.8169
17.8378
17.8586
17.8792
17.8998
17.9202
17.9406
17.9608
17.981
18.001
18.021
18.0408
18.0605
18.0802
18.0997
18.1192
18.1386
18.1578
18.177
18.196
18.215
18.2339
18.2527
18.2714
18.29
18.3085
18.3269
18.3452
18.3634
18.3816
18.3996
18.4176
18.4354
18.4532
18.4709
18.4885
18.506
18.5234
18.5408
18.558
18.5752
18.5923
18.6093
18.6262
18.643
18.6598
18.6764
18.693
18.7095
18.7259
18.7422
18.7585
18.7746
18.7907
18.8067
18.8227
18.8385
18.8543
18.87
18.8856
18.9011
18.9166
18.9319
18.9473
18.9625
18.9776
18.9927
19.0077
19.0226
19.0375
19.0522
19.067
19.0816
19.0961
19.1106
19.125
19.1394
19.1536
19.1678
19.182
19.196
19.21
19.2239
19.2378
19.2515
19.2652
19.2789
19.2925
19.306
19.3194
19.3328
19.3461
19.3593
19.3725
19.3856
19.3986
19.4116
19.4245
19.4373
19.4501
19.4628
19.4755
19.4881
19.5006
19.5131
19.5255
19.5378
19.5501
19.5623
19.5745
19.5866
19.5986
19.6106
19.6225
19.6344
19.6462
19.6579
19.6696
19.6812
19.6928
19.7043
19.7157
19.7271
19.7385
19.7497
19.761
19.7721
19.7832
19.7943
19.8053
19.8163
19.8271
19.838
19.8488
19.8595
19.8702
19.8808
19.8914
19.9019
19.9123
19.9228
19.9331
19.9434
19.9537
19.9639
19.974
19.9841
19.9942
20.0042
0
0
0.109725
0.218904
0.327537
0.435629
0.543182
0.650198
0.756681
0.862632
0.968055
1.07295
1.17733
1.28118
1.38452
1.48734
1.58964
1.69144
1.79273
1.89351
1.9938
2.09358
2.19286
2.29165
2.38994
2.48775
2.58507
2.6819
2.77825
2.87412
2.96951
3.06442
3.15887
3.25284
3.34634
3.43937
3.53195
3.62406
3.71571
3.8069
3.89764
3.98792
4.07776
4.16715
4.25609
4.34459
4.43264
4.52026
4.60744
4.69419
4.7805
4.86638
4.95184
5.03687
5.12147
5.20565
5.28941
5.37276
5.45569
5.5382
5.62031
5.702
5.78329
5.86417
5.94464
6.02472
6.1044
6.18368
6.26256
6.34105
6.41915
6.49686
6.57418
6.65112
6.72767
6.80384
6.87964
6.95505
7.03009
7.10475
7.17904
7.25296
7.32651
7.39969
7.47251
7.54497
7.61706
7.6888
7.76018
7.8312
7.90187
7.97218
8.04214
8.11176
8.18103
8.24995
8.31853
8.38677
8.45466
8.52222
8.58944
8.65633
8.72288
8.7891
8.85499
8.92055
8.98578
9.05069
9.11528
9.17954
9.24348
9.3071
9.37041
9.4334
9.49608
9.55844
9.62049
9.68224
9.74367
9.8048
9.86562
9.92614
9.98636
10.0463
10.1059
10.1652
10.2242
10.283
10.3414
10.3996
10.4574
10.515
10.5723
10.6293
10.686
10.7424
10.7986
10.8544
10.91
10.9653
11.0204
11.0751
11.1296
11.1838
11.2378
11.2915
11.3449
11.398
11.4509
11.5035
11.5558
11.6079
11.6598
11.7113
11.7627
11.8137
11.8645
11.9151
11.9654
12.0154
12.0652
12.1148
12.1641
12.2131
12.2619
12.3105
12.3588
12.4069
12.4548
12.5024
12.5497
12.5969
12.6438
12.6904
12.7369
12.7831
12.829
12.8748
12.9203
12.9656
13.0106
13.0555
13.1001
13.1445
13.1886
13.2326
13.2763
13.3198
13.3631
13.4062
13.449
13.4917
13.5341
13.5764
13.6184
13.6602
13.7018
13.7432
13.7843
13.8253
13.8661
13.9067
13.947
13.9872
14.0271
14.0669
14.1065
14.1458
14.185
14.224
14.2628
14.3014
14.3398
14.378
14.416
14.4538
14.4914
14.5289
14.5662
14.6032
14.6401
14.6768
14.7134
14.7497
14.7859
14.8218
14.8576
14.8933
14.9287
14.964
14.9991
15.034
15.0687
15.1033
15.1377
15.1719
15.206
15.2399
15.2736
15.3071
15.3405
15.3737
15.4068
15.4397
15.4724
15.5049
15.5373
15.5696
15.6016
15.6335
15.6653
15.6969
15.7283
15.7596
15.7907
15.8217
15.8525
15.8832
15.9137
15.944
15.9742
16.0043
16.0342
16.064
16.0936
16.123
16.1523
16.1815
16.2105
16.2394
16.2681
16.2967
16.3252
16.3535
16.3816
16.4096
16.4375
16.4653
16.4929
16.5203
16.5477
16.5749
16.6019
16.6288
16.6556
16.6823
16.7088
16.7352
16.7615
16.7876
16.8136
16.8395
16.8652
16.8908
16.9163
16.9416
16.9669
16.992
17.0169
17.0418
17.0665
17.0911
17.1156
17.14
17.1642
17.1883
17.2123
17.2362
17.26
17.2836
17.3071
17.3305
17.3538
17.377
17.4001
17.423
17.4458
17.4685
17.4911
17.5136
17.536
17.5583
17.5804
17.6025
17.6244
17.6462
17.6679
17.6895
17.711
17.7324
17.7537
17.7749
17.796
17.8169
17.8378
17.8586
17.8792
17.8998
17.9202
17.9406
17.9608
17.981
18.001
18.021
18.0408
18.0605
18.0802
18.0997
18.1192
18.1386
18.1578
18.177
18.196
18.215
18.2339
18.2527
18.2714
18.29
18.3085
18.3269
18.3452
18.3634
18.3816
18.3996
18.4176
18.4354
18.4532
18.4709
18.4885
18.506
18.5234
18.5408
18.558
18.5752
18.5923
18.6093
18.6262
18.643
18.6598
18.6764
18.693
18.7095
18.7259
18.7422
18.7585
18.7746
18.7907
18.8067
18.8227
18.8385
18.8543
18.87
18.8856
18.9011
18.9166
18.9319
18.9473
18.9625
18.9776
18.9927
19.0077
19.0226
19.0375
19.0522
19.067
19.0816
19.0961
19.1106
19.125
19.1394
19.1536
19.1678
19.182
19.196
19.21
19.2239
19.2378
19.2515
19.2652
19.2789
19.2925
19.306
19.3194
19.3328
19.3461
19.3593
19.3725
19.3856
19.3986
19.4116
19.4245
19.4373
19.4501
19.4628
19.4755
19.4881
19.5006
19.5131
19.5255
19.5378
19.5501
19.5623
19.5745
19.5866
19.5986
19.6106
19.6225
19.6344
19.6462
19.6579
19.6696
19.6812
19.6928
19.7043
19.7157
19.7271
19.7385
19.7497
19.761
19.7721
19.7832
19.7943
19.8053
19.8163
19.8271
19.838
19.8488
19.8595
19.8702
19.8808
19.8914
19.9019
19.9123
19.9228
19.9331
19.9434
19.9537
19.9639
19.974
19.9841
19.9942
20.0042
0
0
0.109725
0.218904
0.327537
0.435629
0.543182
0.650198
0.756681
0.862632
0.968055
1.07295
1.17733
1.28118
1.38452
1.48734
1.58964
1.69144
1.79273
1.89351
1.9938
2.09358
2.19286
2.29165
2.38994
2.48775
2.58507
2.6819
2.77825
2.87412
2.96951
3.06442
3.15887
3.25284
3.34634
3.43937
3.53195
3.62406
3.71571
3.8069
3.89764
3.98792
4.07776
4.16715
4.25609
4.34459
4.43264
4.52026
4.60744
4.69419
4.7805
4.86638
4.95184
5.03687
5.12147
5.20565
5.28941
5.37276
5.45569
5.5382
5.62031
5.702
5.78329
5.86417
5.94464
6.02472
6.1044
6.18368
6.26256
6.34105
6.41915
6.49686
6.57418
6.65112
6.72767
6.80384
6.87964
6.95505
7.03009
7.10475
7.17904
7.25296
7.32651
7.39969
7.47251
7.54497
7.61706
7.6888
7.76018
7.8312
7.90187
7.97218
8.04214
8.11176
8.18103
8.24995
8.31853
8.38677
8.45466
8.52222
8.58944
8.65633
8.72288
8.7891
8.85499
8.92055
8.98578
9.05069
9.11528
9.17954
9.24348
9.3071
9.37041
9.4334
9.49608
9.55844
9.62049
9.68224
9.74367
9.8048
9.86562
9.92614
9.98636
10.0463
10.1059
10.1652
10.2242
10.283
10.3414
10.3996
10.4574
10.515
10.5723
10.6293
10.686
10.7424
10.7986
10.8544
10.91
10.9653
11.0204
11.0751
11.1296
11.1838
11.2378
11.2915
11.3449
11.398
11.4509
11.5035
11.5558
11.6079
11.6598
11.7113
11.7627
11.8137
11.8645
11.9151
11.9654
12.0154
12.0652
12.1148
12.1641
12.2131
12.2619
12.3105
12.3588
12.4069
12.4548
12.5024
12.5497
12.5969
12.6438
12.6904
12.7369
12.7831
12.829
12.8748
12.9203
12.9656
13.0106
13.0555
13.1001
13.1445
13.1886
13.2326
13.2763
13.3198
13.3631
13.4062
13.449
13.4917
13.5341
13.5764
13.6184
13.6602
13.7018
13.7432
13.7843
13.8253
13.8661
13.9067
13.947
13.9872
14.0271
14.0669
14.1065
14.1458
14.185
14.224
14.2628
14.3014
14.3398
14.378
14.416
14.4538
14.4914
14.5289
14.5662
14.6032
14.6401
14.6768
14.7134
14.7497
14.7859
14.8218
14.8576
14.8933
14.9287
14.964
14.9991
15.034
15.0687
15.1033
15.1377
15.1719
15.206
15.2399
15.2736
15.3071
15.3405
15.3737
15.4068
15.4397
15.4724
15.5049
15.5373
15.5696
15.6016
15.6335
15.6653
15.6969
15.7283
15.7596
15.7907
15.8217
15.8525
15.8832
15.9137
15.944
15.9742
16.0043
16.0342
16.064
16.0936
16.123
16.1523
16.1815
16.2105
16.2394
16.2681
16.2967
16.3252
16.3535
16.3816
16.4096
16.4375
16.4653
16.4929
16.5203
16.5477
16.5749
16.6019
16.6288
16.6556
16.6823
16.7088
16.7352
16.7615
16.7876
16.8136
16.8395
16.8652
16.8908
16.9163
16.9416
16.9669
16.992
17.0169
17.0418
17.0665
17.0911
17.1156
17.14
17.1642
17.1883
17.2123
17.2362
17.26
17.2836
17.3071
17.3305
17.3538
17.377
17.4001
17.423
17.4458
17.4685
17.4911
17.5136
17.536
17.5583
17.5804
17.6025
17.6244
17.6462
17.6679
17.6895
17.711
17.7324
17.7537
17.7749
17.796
17.8169
17.8378
17.8586
17.8792
17.8998
17.9202
17.9406
17.9608
17.981
18.001
18.021
18.0408
18.0605
18.0802
18.0997
18.1192
18.1386
18.1578
18.177
18.196
18.215
18.2339
18.2527
18.2714
18.29
18.3085
18.3269
18.3452
18.3634
18.3816
18.3996
18.4176
18.4354
18.4532
18.4709
18.4885
18.506
18.5234
18.5408
18.558
18.5752
18.5923
18.6093
18.6262
18.643
18.6598
18.6764
18.693
18.7095
18.7259
18.7422
18.7585
18.7746
18.7907
18.8067
18.8227
18.8385
18.8543
18.87
18.8856
18.9011
18.9166
18.9319
18.9473
18.9625
18.9776
18.9927
19.0077
19.0226
19.0375
19.0522
19.067
19.0816
19.0961
19.1106
19.125
19.1394
19.1536
19.1678
19.182
19.196
19.21
19.2239
19.2378
19.2515
19.2652
19.2789
19.2925
19.306
19.3194
19.3328
19.3461
19.3593
19.3725
19.3856
19.3986
19.4116
19.4245
19.4373
19.4501
19.4628
19.4755
19.4881
19.5006
19.5131
19.5255
19.5378
19.5501
19.5623
19.5745
19.5866
19.5986
19.6106
19.6225
19.6344
19.6462
19.6579
19.6696
19.6812
19.6928
19.7043
19.7157
19.7271
19.7385
19.7497
19.761
19.7721
19.7832
19.7943
19.8053
19.8163
19.8271
19.838
19.8488
19.8595
19.8702
19.8808
19.8914
19.9019
19.9123
19.9228
19.9331
19.9434
19.9537
19.9639
19.974
19.9841
19.9942
20.0042
0
0
0.109725
0.218904
0.327537
0.435629
0.543182
0.650198
0.756681
0.862632
0.968055
1.07295
1.17733
1.28118
1.38452
1.48734
1.58964
1.69144
1.79273
1.89351
1.9938
2.09358
2.19286
2.29165
2.38994
2.48775
2.58507
2.6819
2.77825
2.87412
2.96951
3.06442
3.15887
3.25284
3.34634
3.43937
3.53195
3.62406
3.71571
3.8069
3.89764
3.98792
4.07776
4.16715
4.25609
4.34459
4.43264
4.52026
4.60744
4.69419
4.7805
4.86638
4.95184
5.03687
5.12147
5.20565
5.28941
5.37276
5.45569
5.5382
5.62031
5.702
5.78329
5.86417
5.94464
6.02472
6.1044
6.18368
6.26256
6.34105
6.41915
6.49686
6.57418
6.65112
6.72767
6.80384
6.87964
6.95505
7.03009
7.10475
7.17904
7.25296
7.32651
7.39969
7.47251
7.54497
7.61706
7.6888
7.76018
7.8312
7.90187
7.97218
8.04214
8.11176
8.18103
8.24995
8.31853
8.38677
8.45466
8.52222
8.58944
8.65633
8.72288
8.7891
8.85499
8.92055
8.98578
9.05069
9.11528
9.17954
9.24348
9.3071
9.37041
9.4334
9.49608
9.55844
9.62049
9.68224
9.74367
9.8048
9.86562
9.92614
9.98636
10.0463
10.1059
10.1652
10.2242
10.283
10.3414
10.3996
10.4574
10.515
10.5723
10.6293
10.686
10.7424
10.7986
10.8544
10.91
10.9653
11.0204
11.0751
11.1296
11.1838
11.2378
11.2915
11.3449
11.398
11.4509
11.5035
11.5558
11.6079
11.6598
11.7113
11.7627
11.8137
11.8645
11.9151
11.9654
12.0154
12.0652
12.1148
12.1641
12.2131
12.2619
12.3105
12.3588
12.4069
12.4548
12.5024
12.5497
12.5969
12.6438
12.6904
12.7369
12.7831
12.829
12.8748
12.9203
12.9656
13.0106
13.0555
13.1001
13.1445
13.1886
13.2326
13.2763
13.3198
13.3631
13.4062
13.449
13.4917
13.5341
13.5764
13.6184
13.6602
13.7018
13.7432
13.7843
13.8253
13.8661
13.9067
13.947
13.9872
14.0271
14.0669
14.1065
14.1458
14.185
14.224
14.2628
14.3014
14.3398
14.378
14.416
14.4538
14.4914
14.5289
14.5662
14.6032
14.6401
14.6768
14.7134
14.7497
14.7859
14.8218
14.8576
14.8933
14.9287
14.964
14.9991
15.034
15.0687
15.1033
15.1377
15.1719
15.206
15.2399
15.2736
15.3071
15.3405
15.3737
15.4068
15.4397
15.4724
15.5049
15.5373
15.5696
15.6016
15.6335
15.6653
15.6969
15.7283
15.7596
15.7907
15.8217
15.8525
15.8832
15.9137
15.944
15.9742
16.0043
16.0342
16.064
16.0936
16.123
16.1523
16.1815
16.2105
16.2394
16.2681
16.2967
16.3252
16.3535
16.3816
16.4096
16.4375
16.4653
16.4929
16.5203
16.5477
16.5749
16.6019
16.6288
16.6556
16.6823
16.7088
16.7352
16.7615
16.7876
16.8136
16.8395
16.8652
16.8908
16.9163
16.9416
16.9669
16.992
17.0169
17.0418
17.0665
17.0911
17.1156
17.14
17.1642
17.1883
17.2123
17.2362
17.26
17.2836
17.3071
17.3305
17.3538
17.377
17.4001
17.423
17.4458
17.4685
17.4911
17.5136
17.536
17.5583
17.5804
17.6025
17.6244
17.6462
17.6679
17.6895
17.711
17.7324
17.7537
17.7749
17.796
17.8169
17.8378
17.8586
17.8792
17.8998
17.9202
17.9406
17.9608
17.981
18.001
18.021
18.0408
18.0605
18.0802
18.0997
18.1192
18.1386
18.1578
18.177
18.196
18.215
18.2339
18.2527
18.2714
18.29
18.3085
18.3269
18.3452
18.3634
18.3816
18.3996
18.4176
18.4354
18.4532
18.4709
18.4885
18.506
18.5234
18.5408
18.558
18.5752
18.5923
18.6093
18.6262
18.643
18.6598
18.6764
18.693
18.7095
18.7259
18.7422
18.7585
18.7746
18.7907
18.8067
18.8227
18.8385
18.8543
18.87
18.8856
18.9011
18.9166
18.9319
18.9473
18.9625
18.9776
18.9927
19.0077
19.0226
19.0375
19.0522
19.067
19.0816
19.0961
19.1106
19.125
19.1394
19.1536
19.1678
19.182
19.196
19.21
19.2239
19.2378
19.2515
19.2652
19.2789
19.2925
19.306
19.3194
19.3328
19.3461
19.3593
19.3725
19.3856
19.3986
19.4116
19.4245
19.4373
19.4501
19.4628
19.4755
19.4881
19.5006
19.5131
19.5255
19.5378
19.5501
19.5623
19.5745
19.5866
19.5986
19.6106
19.6225
19.6344
19.6462
19.6579
19.6696
19.6812
19.6928
19.7043
19.7157
19.7271
19.7385
19.7497
19.761
19.7721
19.7832
19.7943
19.8053
19.8163
19.8271
19.838
19.8488
19.8595
19.8702
19.8808
19.8914
19.9019
19.9123
19.9228
19.9331
19.9434
19.9537
19.9639
19.974
19.9841
19.9942
20.0042
0
0
0.109725
0.218904
0.327537
0.435629
0.543182
0.650198
0.756681
0.862632
0.968055
1.07295
1.17733
1.28118
1.38452
1.48734
1.58964
1.69144
1.79273
1.89351
1.9938
2.09358
2.19286
2.29165
2.38994
2.48775
2.58507
2.6819
2.77825
2.87412
2.96951
3.06442
3.15887
3.25284
3.34634
3.43937
3.53195
3.62406
3.71571
3.8069
3.89764
3.98792
4.07776
4.16715
4.25609
4.34459
4.43264
4.52026
4.60744
4.69419
4.7805
4.86638
4.95184
5.03687
5.12147
5.20565
5.28941
5.37276
5.45569
5.5382
5.62031
5.702
5.78329
5.86417
5.94464
6.02472
6.1044
6.18368
6.26256
6.34105
6.41915
6.49686
6.57418
6.65112
6.72767
6.80384
6.87964
6.95505
7.03009
7.10475
7.17904
7.25296
7.32651
7.39969
7.47251
7.54497
7.61706
7.6888
7.76018
7.8312
7.90187
7.97218
8.04214
8.11176
8.18103
8.24995
8.31853
8.38677
8.45466
8.52222
8.58944
8.65633
8.72288
8.7891
8.85499
8.92055
8.98578
9.05069
9.11528
9.17954
9.24348
9.3071
9.37041
9.4334
9.49608
9.55844
9.62049
9.68224
9.74367
9.8048
9.86562
9.92614
9.98636
10.0463
10.1059
10.1652
10.2242
10.283
10.3414
10.3996
10.4574
10.515
10.5723
10.6293
10.686
10.7424
10.7986
10.8544
10.91
10.9653
11.0204
11.0751
11.1296
11.1838
11.2378
11.2915
11.3449
11.398
11.4509
11.5035
11.5558
11.6079
11.6598
11.7113
11.7627
11.8137
11.8645
11.9151
11.9654
12.0154
12.0652
12.1148
12.1641
12.2131
12.2619
12.3105
12.3588
12.4069
12.4548
12.5024
12.5497
12.5969
12.6438
12.6904
12.7369
12.7831
12.829
12.8748
12.9203
12.9656
13.0106
13.0555
13.1001
13.1445
13.1886
13.2326
13.2763
13.3198
13.3631
13.4062
13.449
13.4917
13.5341
13.5764
13.6184
13.6602
13.7018
13.7432
13.7843
13.8253
13.8661
13.9067
13.947
13.9872
14.0271
14.0669
14.1065
14.1458
14.185
14.224
14.2628
14.3014
14.3398
14.378
14.416
14.4538
14.4914
14.5289
14.5662
14.6032
14.6401
14.6768
14.7134
14.7497
14.7859
14.8218
14.8576
14.8933
14.9287
14.964
14.9991
15.034
15.0687
15.1033
15.1377
15.1719
15.206
15.2399
15.2736
15.3071
15.3405
15.3737
15.4068
15.4397
15.4724
15.5049
15.5373
15.5696
15.6016
15.6335
15.6653
15.6969
15.7283
15.7596
15.7907
15.8217
15.8525
15.8832
15.9137
15.944
15.9742
16.0043
16.0342
16.064
16.0936
16.123
16.1523
16.1815
16.2105
16.2394
16.2681
16.2967
16.3252
16.3535
16.3816
16.4096
16.4375
16.4653
16.4929
16.5203
16.5477
16.5749
16.6019
16.6288
16.6556
16.6823
16.7088
16.7352
16.7615
16.7876
16.8136
16.8395
16.8652
16.8908
16.9163
16.9416
16.9669
16.992
17.0169
17.0418
17.0665
17.0911
17.1156
17.14
17.1642
17.1883
17.2123
17.2362
17.26
17.2836
17.3071
17.3305
17.3538
17.377
17.4001
17.423
17.4458
17.4685
17.4911
17.5136
17.536
17.5583
17.5804
17.6025
17.6244
17.6462
17.6679
17.6895
17.711
17.7324
17.7537
17.7749
17.796
17.8169
17.8378
17.8586
17.8792
17.8998
17.9202
17.9406
17.9608
17.981
18.001
18.021
18.0408
18.0605
18.0802
18.0997
18.1192
18.1386
18.1578
18.177
18.196
18.215
18.2339
18.2527
18.2714
18.29
18.3085
18.3269
18.3452
18.3634
18.3816
18.3996
18.4176
18.4354
18.4532
18.4709
18.4885
18.506
18.5234
18.5408
18.558
18.5752
18.5923
18.6093
18.6262
18.643
18.6598
18.6764
18.693
18.7095
18.7259
18.7422
18.7585
18.7746
18.7907
18.8067
18.8227
18.8385
18.8543
18.87
18.8856
18.9011
18.9166
18.9319
18.9473
18.9625
18.9776
18.9927
19.0077
19.0226
19.0375
19.0522
19.067
19.0816
19.0961
19.1106
19.125
19.1394
19.1536
19.1678
19.182
19.196
19.21
19.2239
19.2378
19.2515
19.2652
19.2789
19.2925
19.306
19.3194
19.3328
19.3461
19.3593
19.3725
19.3856
19.3986
19.4116
19.4245
19.4373
19.4501
19.4628
19.4755
19.4881
19.5006
19.5131
19.5255
19.5378
19.5501
19.5623
19.5745
19.5866
19.5986
19.6106
19.6225
19.6344
19.6462
19.6579
19.6696
19.6812
19.6928
19.7043
19.7157
19.7271
19.7385
19.7497
19.761
19.7721
19.7832
19.7943
19.8053
19.8163
19.8271
19.838
19.8488
19.8595
19.8702
19.8808
19.8914
19.9019
19.9123
19.9228
19.9331
19.9434
19.9537
19.9639
19.974
19.9841
19.9942
20.0042
0
0
0.109725
0.218904
0.327537
0.435629
0.543182
0.650198
0.756681
0.862632
0.968055
1.07295
1.17733
1.28118
1.38452
1.48734
1.58964
1.69144
1.79273
1.89351
1.9938
2.09358
2.19286
2.29165
2.38994
2.48775
2.58507
2.6819
2.77825
2.87412
2.96951
3.06442
3.15887
3.25284
3.34634
3.43937
3.53195
3.62406
3.71571
3.8069
3.89764
3.98792
4.07776
4.16715
4.25609
4.34459
4.43264
4.52026
4.60744
4.69419
4.7805
4.86638
4.95184
5.03687
5.12147
5.20565
5.28941
5.37276
5.45569
5.5382
5.62031
5.702
5.78329
5.86417
5.94464
6.02472
6.1044
6.18368
6.26256
6.34105
6.41915
6.49686
6.57418
6.65112
6.72767
6.80384
6.87964
6.95505
7.03009
7.10475
7.17904
7.25296
7.32651
7.39969
7.47251
7.54497
7.61706
7.6888
7.76018
7.8312
7.90187
7.97218
8.04214
8.11176
8.18103
8.24995
8.31853
8.38677
8.45466
8.52222
8.58944
8.65633
8.72288
8.7891
8.85499
8.92055
8.98578
9.05069
9.11528
9.17954
9.24348
9.3071
9.37041
9.4334
9.49608
9.55844
9.62049
9.68224
9.74367
9.8048
9.86562
9.92614
9.98636
10.0463
10.1059
10.1652
10.2242
10.283
10.3414
10.3996
10.4574
10.515
10.5723
10.6293
10.686
10.7424
10.7986
10.8544
10.91
10.9653
11.0204
11.0751
11.1296
11.1838
11.2378
11.2915
11.3449
11.398
11.4509
11.5035
11.5558
11.6079
11.6598
11.7113
11.7627
11.8137
11.8645
11.9151
11.9654
12.0154
12.0652
12.1148
12.1641
12.2131
12.2619
12.3105
12.3588
12.4069
12.4548
12.5024
12.5497
12.5969
12.6438
12.6904
12.7369
12.7831
12.829
12.8748
12.9203
12.9656
13.0106
13.0555
13.1001
13.1445
13.1886
13.2326
13.2763
13.3198
13.3631
13.4062
13.449
13.4917
13.5341
13.5764
13.6184
13.6602
13.7018
13.7432
13.7843
13.8253
13.8661
13.9067
13.947
13.9872
14.0271
14.0669
14.1065
14.1458
14.185
14.224
14.2628
14.3014
14.3398
14.378
14.416
14.4538
14.4914
14.5289
14.5662
14.6032
14.6401
14.6768
14.7134
14.7497
14.7859
14.8218
14.8576
14.8933
14.9287
14.964
14.9991
15.034
15.0687
15.1033
15.1377
15.1719
15.206
15.2399
15.2736
15.3071
15.3405
15.3737
15.4068
15.4397
15.4724
15.5049
15.5373
15.5696
15.6016
15.6335
15.6653
15.6969
15.7283
15.7596
15.7907
15.8217
15.8525
15.8832
15.9137
15.944
15.9742
16.0043
16.0342
16.064
16.0936
16.123
16.1523
16.1815
16.2105
16.2394
16.2681
16.2967
16.3252
16.3535
16.3816
16.4096
16.4375
16.4653
16.4929
16.5203
16.5477
16.5749
16.6019
16.6288
16.6556
16.6823
16.7088
16.7352
16.7615
16.7876
16.8136
16.8395
16.8652
16.8908
16.9163
16.9416
16.9669
16.992
17.0169
17.0418
17.0665
17.0911
17.1156
17.14
17.1642
17.1883
17.2123
17.2362
17.26
17.2836
17.3071
17.3305
17.3538
17.377
17.4001
17.423
17.4458
17.4685
17.4911
17.5136
17.536
17.5583
17.5804
17.6025
17.6244
17.6462
17.6679
17.6895
17.711
17.7324
17.7537
17.7749
17.796
17.8169
17.8378
17.8586
17.8792
17.8998
17.9202
17.9406
17.9608
17.981
18.001
18.021
18.0408
18.0605
18.0802
18.0997
18.1192
18.1386
18.1578
18.177
18.196
18.215
18.2339
18.2527
18.2714
18.29
18.3085
18.3269
18.3452
18.3634
18.3816
18.3996
18.4176
18.4354
18.4532
18.4709
18.4885
18.506
18.5234
18.5408
18.558
18.5752
18.5923
18.6093
18.6262
18.643
18.6598
18.6764
18.693
18.7095
18.7259
18.7422
18.7585
18.7746
18.7907
18.8067
18.8227
18.8385
18.8543
18.87
18.8856
18.9011
18.9166
18.9319
18.9473
18.9625
18.9776
18.9927
19.0077
19.0226
19.0375
19.0522
19.067
19.0816
19.0961
19.1106
19.125
19.1394
19.1536
19.1678
19.182
19.196
19.21
19.2239
19.2378
19.2515
19.2652
19.2789
19.2925
19.306
19.3194
19.3328
19.3461
19.3593
19.3725
19.3856
19.3986
19.4116
19.4245
19.4373
19.4501
19.4628
19.4755
19.4881
19.5006
19.5131
19.5255
19.5378
19.5501
19.5623
19.5745
19.5866
19.5986
19.6106
19.6225
19.6344
19.6462
19.6579
19.6696
19.6812
19.6928
19.7043
19.7157
19.7271
19.7385
19.7497
19.761
19.7721
19.7832
19.7943
19.8053
19.8163
19.8271
19.838
19.8488
19.8595
19.8702
19.8808
19.8914
19.9019
19.9123
19.9228
19.9331
19.9434
19.9537
19.9639
19.974
19.9841
19.9942
20.0042
0
0
0.109725
0.218904
0.327537
0.435629
0.543182
0.650198
0.756681
0.862632
0.968055
1.07295
1.17733
1.28118
1.38452
1.48734
1.58964
1.69144
1.79273
1.89351
1.9938
2.09358
2.19286
2.29165
2.38994
2.48775
2.58507
2.6819
2.77825
2.87412
2.96951
3.06442
3.15887
3.25284
3.34634
3.43937
3.53195
3.62406
3.71571
3.8069
3.89764
3.98792
4.07776
4.16715
4.25609
4.34459
4.43264
4.52026
4.60744
4.69419
4.7805
4.86638
4.95184
5.03687
5.12147
5.20565
5.28941
5.37276
5.45569
5.5382
5.62031
5.702
5.78329
5.86417
5.94464
6.02472
6.1044
6.18368
6.26256
6.34105
6.41915
6.49686
6.57418
6.65112
6.72767
6.80384
6.87964
6.95505
7.03009
7.10475
7.17904
7.25296
7.32651
7.39969
7.47251
7.54497
7.61706
7.6888
7.76018
7.8312
7.90187
7.97218
8.04214
8.11176
8.18103
8.24995
8.31853
8.38677
8.45466
8.52222
8.58944
8.65633
8.72288
8.7891
8.85499
8.92055
8.98578
9.05069
9.11528
9.17954
9.24348
9.3071
9.37041
9.4334
9.49608
9.55844
9.62049
9.68224
9.74367
9.8048
9.86562
9.92614
9.98636
10.0463
10.1059
10.1652
10.2242
10.283
10.3414
10.3996
10.4574
10.515
10.5723
10.6293
10.686
10.7424
10.7986
10.8544
10.91
10.9653
11.0204
11.0751
11.1296
11.1838
11.2378
11.2915
11.3449
11.398
11.4509
11.5035
11.5558
11.6079
11.6598
11.7113
11.7627
11.8137
11.8645
11.9151
11.9654
12.0154
12.0652
12.1148
12.1641
12.2131
12.2619
12.3105
12.3588
12.4069
12.4548
12.5024
12.5497
12.5969
12.6438
12.6904
12.7369
12.7831
12.829
12.8748
12.9203
12.9656
13.0106
13.0555
13.1001
13.1445
13.1886
13.2326
13.2763
13.3198
13.3631
13.4062
13.449
13.4917
13.5341
13.5764
13.6184
13.6602
13.7018
13.7432
13.7843
13.8253
13.8661
13.9067
13.947
13.9872
14.0271
14.0669
14.1065
14.1458
14.185
14.224
14.2628
14.3014
14.3398
14.378
14.416
14.4538
14.4914
14.5289
14.5662
14.6032
14.6401
14.6768
14.7134
14.7497
14.7859
14.8218
14.8576
14.8933
14.9287
14.964
14.9991
15.034
15.0687
15.1033
15.1377
15.1719
15.206
15.2399
15.2736
15.3071
15.3405
15.3737
15.4068
15.4397
15.4724
15.5049
15.5373
15.5696
15.6016
15.6335
15.6653
15.6969
15.7283
15.7596
15.7907
15.8217
15.8525
15.8832
15.9137
15.944
15.9742
16.0043
16.0342
16.064
16.0936
16.123
16.1523
16.1815
16.2105
16.2394
16.2681
16.2967
16.3252
16.3535
16.3816
16.4096
16.4375
16.4653
16.4929
16.5203
16.5477
16.5749
16.6019
16.6288
16.6556
16.6823
16.7088
16.7352
16.7615
16.7876
16.8136
16.8395
16.8652
16.8908
16.9163
16.9416
16.9669
16.992
17.0169
17.0418
17.0665
17.0911
17.1156
17.14
17.1642
17.1883
17.2123
17.2362
17.26
17.2836
17.3071
17.3305
17.3538
17.377
17.4001
17.423
17.4458
17.4685
17.4911
17.5136
17.536
17.5583
17.5804
17.6025
17.6244
17.6462
17.6679
17.6895
17.711
17.7324
17.7537
17.7749
17.796
17.8169
17.8378
17.8586
17.8792
17.8998
17.9202
17.9406
17.9608
17.981
18.001
18.021
18.0408
18.0605
18.0802
18.0997
18.1192
18.1386
18.1578
18.177
18.196
18.215
18.2339
18.2527
18.2714
18.29
18.3085
18.3269
18.3452
18.3634
18.3816
18.3996
18.4176
18.4354
18.4532
18.4709
18.4885
18.506
18.5234
18.5408
18.558
18.5752
18.5923
18.6093
18.6262
18.643
18.6598
18.6764
18.693
18.7095
18.7259
18.7422
18.7585
18.7746
18.7907
18.8067
18.8227
18.8385
18.8543
18.87
18.8856
18.9011
18.9166
18.9319
18.9473
18.9625
18.9776
18.9927
19.0077
19.0226
19.0375
19.0522
19.067
19.0816
19.0961
19.1106
19.125
19.1394
19.1536
19.1678
19.182
19.196
19.21
19.2239
19.2378
19.2515
19.2652
19.2789
19.2925
19.306
19.3194
19.3328
19.3461
19.3593
19.3725
19.3856
19.3986
19.4116
19.4245
19.4373
19.4501
19.4628
19.4755
19.4881
19.5006
19.5131
19.5255
19.5378
19.5501
19.5623
19.5745
19.5866
19.5986
19.6106
19.6225
19.6344
19.6462
19.6579
19.6696
19.6812
19.6928
19.7043
19.7157
19.7271
19.7385
19.7497
19.761
19.7721
19.7832
19.7943
19.8053
19.8163
19.8271
19.838
19.8488
19.8595
19.8702
19.8808
19.8914
19.9019
19.9123
19.9228
19.9331
19.9434
19.9537
19.9639
19.974
19.9841
19.9942
20.0042
0
0
0.109725
0.218904
0.327537
0.435629
0.543182
0.650198
0.756681
0.862632
0.968055
1.07295
1.17733
1.28118
1.38452
1.48734
1.58964
1.69144
1.79273
1.89351
1.9938
2.09358
2.19286
2.29165
2.38994
2.48775
2.58507
2.6819
2.77825
2.87412
2.96951
3.06442
3.15887
3.25284
3.34634
3.43937
3.53195
3.62406
3.71571
3.8069
3.89764
3.98792
4.07776
4.16715
4.25609
4.34459
4.43264
4.52026
4.60744
4.69419
4.7805
4.86638
4.95184
5.03687
5.12147
5.20565
5.28941
5.37276
5.45569
5.5382
5.62031
5.702
5.78329
5.86417
5.94464
6.02472
6.1044
6.18368
6.26256
6.34105
6.41915
6.49686
6.57418
6.65112
6.72767
6.80384
6.87964
6.95505
7.03009
7.10475
7.17904
7.25296
7.32651
7.39969
7.47251
7.54497
7.61706
7.6888
7.76018
7.8312
7.90187
7.97218
8.04214
8.11176
8.18103
8.24995
8.31853
8.38677
8.45466
8.52222
8.58944
8.65633
8.72288
8.7891
8.85499
8.92055
8.98578
9.05069
9.11528
9.17954
9.24348
9.3071
9.37041
9.4334
9.49608
9.55844
9.62049
9.68224
9.74367
9.8048
9.86562
9.92614
9.98636
10.0463
10.1059
10.1652
10.2242
10.283
10.3414
10.3996
10.4574
10.515
10.5723
10.6293
10.686
10.7424
10.7986
10.8544
10.91
10.9653
11.0204
11.0751
11.1296
11.1838
11.2378
11.2915
11.3449
11.398
11.4509
11.5035
11.5558
11.6079
11.6598
11.7113
11.7627
11.8137
11.8645
11.9151
11.9654
12.0154
12.0652
12.1148
12.1641
12.2131
12.2619
12.3105
12.3588
12.4069
12.4548
12.5024
12.5497
12.5969
12.6438
12.6904
12.7369
12.7831
12.829
12.8748
12.9203
12.9656
13.0106
13.0555
13.1001
13.1445
13.1886
13.2326
13.2763
13.3198
13.3631
13.4062
13.449
13.4917
13.5341
13.5764
13.6184
13.6602
13.7018
13.7432
13.7843
13.8253
13.8661
13.9067
13.947
13.9872
14.0271
14.0669
14.1065
14.1458
14.185
14.224
14.2628
14.3014
14.3398
14.378
14.416
14.4538
14.4914
14.5289
14.5662
14.6032
14.6401
14.6768
14.7134
14.7497
14.7859
14.8218
14.8576
14.8933
14.9287
14.964
14.9991
15.034
15.0687
15.1033
15.1377
15.1719
15.206
15.2399
15.2736
15.3071
15.3405
15.3737
15.4068
15.4397
15.4724
15.5049
15.5373
15.5696
15.6016
15.6335
15.6653
15.6969
15.7283
15.7596
15.7907
15.8217
15.8525
15.8832
15.9137
15.944
15.9742
16.0043
16.0342
16.064
16.0936
16.123
16.1523
16.1815
16.2105
16.2394
16.2681
16.2967
16.3252
16.3535
16.3816
16.4096
16.4375
16.4653
16.4929
16.5203
16.5477
16.5749
16.6019
16.6288
16.6556
16.6823
16.7088
16.7352
16.7615
16.7876
16.8136
16.8395
16.8652
16.8908
16.9163
16.9416
16.9669
16.992
17.0169
17.0418
17.0665
17.0911
17.1156
17.14
17.1642
17.1883
17.2123
17.2362
17.26
17.2836
17.3071
17.3305
17.3538
17.377
17.4001
17.423
17.4458
17.4685
17.4911
17.5136
17.536
17.5583
17.5804
17.6025
17.6244
17.6462
17.6679
17.6895
17.711
17.7324
17.7537
17.7749
17.796
17.8169
17.8378
17.8586
17.8792
17.8998
17.9202
17.9406
17.9608
17.981
18.001
18.021
18.0408
18.0605
18.0802
18.0997
18.1192
18.1386
18.1578
18.177
18.196
18.215
18.2339
18.2527
18.2714
18.29
18.3085
18.3269
18.3452
18.3634
18.3816
18.3996
18.4176
18.4354
18.4532
18.4709
18.4885
18.506
18.5234
18.5408
18.558
18.5752
18.5923
18.6093
18.6262
18.643
18.6598
18.6764
18.693
18.7095
18.7259
18.7422
18.7585
18.7746
18.7907
18.8067
18.8227
18.8385
18.8543
18.87
18.8856
18.9011
18.9166
18.9319
18.9473
18.9625
18.9776
18.9927
19.0077
19.0226
19.0375
19.0522
19.067
19.0816
19.0961
19.1106
19.125
19.1394
19.1536
19.1678
19.182
19.196
19.21
19.2239
19.2378
19.2515
19.2652
19.2789
19.2925
19.306
19.3194
19.3328
19.3461
19.3593
19.3725
19.3856
19.3986
19.4116
19.4245
19.4373
19.4501
19.4628
19.4755
19.4881
19.5006
19.5131
19.5255
19.5378
19.5501
19.5623
19.5745
19.5866
19.5986
19.6106
19.6225
19.6344
19.6462
19.6579
19.6696
19.6812
19.6928
19.7043
19.7157
19.7271
19.7385
19.7497
19.761
19.7721
19.7832
19.7943
19.8053
19.8163
19.8271
19.838
19.8488
19.8595
19.8702
19.8808
19.8914
19.9019
19.9123
19.9228
19.9331
19.9434
19.9537
19.9639
19.974
19.9841
19.9942
20.0042
0
0
0.109725
0.218904
0.327537
0.435629
0.543182
0.650198
0.756681
0.862632
0.968055
1.07295
1.17733
1.28118
1.38452
1.48734
1.58964
1.69144
1.79273
1.89351
1.9938
2.09358
2.19286
2.29165
2.38994
2.48775
2.58507
2.6819
2.77825
2.87412
2.96951
3.06442
3.15887
3.25284
3.34634
3.43937
3.53195
3.62406
3.71571
3.8069
3.89764
3.98792
4.07776
4.16715
4.25609
4.34459
4.43264
4.52026
4.60744
4.69419
4.7805
4.86638
4.95184
5.03687
5.12147
5.20565
5.28941
5.37276
5.45569
5.5382
5.62031
5.702
5.78329
5.86417
5.94464
6.02472
6.1044
6.18368
6.26256
6.34105
6.41915
6.49686
6.57418
6.65112
6.72767
6.80384
6.87964
6.95505
7.03009
7.10475
7.17904
7.25296
7.32651
7.39969
7.47251
7.54497
7.61706
7.6888
7.76018
7.8312
7.90187
7.97218
8.04214
8.11176
8.18103
8.24995
8.31853
8.38677
8.45466
8.52222
8.58944
8.65633
8.72288
8.7891
8.85499
8.92055
8.98578
9.05069
9.11528
9.17954
9.24348
9.3071
9.37041
9.4334
9.49608
9.55844
9.62049
9.68224
9.74367
9.8048
9.86562
9.92614
9.98636
10.0463
10.1059
10.1652
10.2242
10.283
10.3414
10.3996
10.4574
10.515
10.5723
10.6293
10.686
10.7424
10.7986
10.8544
10.91
10.9653
11.0204
11.0751
11.1296
11.1838
11.2378
11.2915
11.3449
11.398
11.4509
11.5035
11.5558
11.6079
11.6598
11.7113
11.7627
11.8137
11.8645
11.9151
11.9654
12.0154
12.0652
12.1148
12.1641
12.2131
12.2619
12.3105
12.3588
12.4069
12.4548
12.5024
12.5497
12.5969
12.6438
12.6904
12.7369
12.7831
12.829
12.8748
12.9203
12.9656
13.0106
13.0555
13.1001
13.1445
13.1886
13.2326
13.2763
13.3198
13.3631
13.4062
13.449
13.4917
13.5341
13.5764
13.6184
13.6602
13.7018
13.7432
13.7843
13.8253
13.8661
13.9067
13.947
13.9872
14.0271
14.0669
14.1065
14.1458
14.185
14.224
14.2628
14.3014
14.3398
14.378
14.416
14.4538
14.4914
14.5289
14.5662
14.6032
14.6401
14.6768
14.7134
14.7497
14.7859
14.8218
14.8576
14.8933
14.9287
14.964
14.9991
15.034
15.0687
15.1033
15.1377
15.1719
15.206
15.2399
15.2736
15.3071
15.3405
15.3737
15.4068
15.4397
15.4724
15.5049
15.5373
15.5696
15.6016
15.6335
15.6653
15.6969
15.7283
15.7596
15.7907
15.8217
15.8525
15.8832
15.9137
15.944
15.9742
16.0043
16.0342
16.064
16.0936
16.123
16.1523
16.1815
16.2105
16.2394
16.2681
16.2967
16.3252
16.3535
16.3816
16.4096
16.4375
16.4653
16.4929
16.5203
16.5477
16.5749
16.6019
16.6288
16.6556
16.6823
16.7088
16.7352
16.7615
16.7876
16.8136
16.8395
16.8652
16.8908
16.9163
16.9416
16.9669
16.992
17.0169
17.0418
17.0665
17.0911
17.1156
17.14
17.1642
17.1883
17.2123
17.2362
17.26
17.2836
17.3071
17.3305
17.3538
17.377
17.4001
17.423
17.4458
17.4685
17.4911
17.5136
17.536
17.5583
17.5804
17.6025
17.6244
17.6462
17.6679
17.6895
17.711
17.7324
17.7537
17.7749
17.796
17.8169
17.8378
17.8586
17.8792
17.8998
17.9202
17.9406
17.9608
17.981
18.001
18.021
18.0408
18.0605
18.0802
18.0997
18.1192
18.1386
18.1578
18.177
18.196
18.215
18.2339
18.2527
18.2714
18.29
18.3085
18.3269
18.3452
18.3634
18.3816
18.3996
18.4176
18.4354
18.4532
18.4709
18.4885
18.506
18.5234
18.5408
18.558
18.5752
18.5923
18.6093
18.6262
18.643
18.6598
18.6764
18.693
18.7095
18.7259
18.7422
18.7585
18.7746
18.7907
18.8067
18.8227
18.8385
18.8543
18.87
18.8856
18.9011
18.9166
18.9319
18.9473
18.9625
18.9776
18.9927
19.0077
19.0226
19.0375
19.0522
19.067
19.0816
19.0961
19.1106
19.125
19.1394
19.1536
19.1678
19.182
19.196
19.21
19.2239
19.2378
19.2515
19.2652
19.2789
19.2925
19.306
19.3194
19.3328
19.3461
19.3593
19.3725
19.3856
19.3986
19.4116
19.4245
19.4373
19.4501
19.4628
19.4755
19.4881
19.5006
19.5131
19.5255
19.5378
19.5501
19.5623
19.5745
19.5866
19.5986
19.6106
19.6225
19.6344
19.6462
19.6579
19.6696
19.6812
19.6928
19.7043
19.7157
19.7271
19.7385
19.7497
19.761
19.7721
19.7832
19.7943
19.8053
19.8163
19.8271
19.838
19.8488
19.8595
19.8702
19.8808
19.8914
19.9019
19.9123
19.9228
19.9331
19.9434
19.9537
19.9639
19.974
19.9841
19.9942
20.0042
0
0
0.109725
0.218904
0.327537
0.435629
0.543182
0.650198
0.756681
0.862632
0.968055
1.07295
1.17733
1.28118
1.38452
1.48734
1.58964
1.69144
1.79273
1.89351
1.9938
2.09358
2.19286
2.29165
2.38994
2.48775
2.58507
2.6819
2.77825
2.87412
2.96951
3.06442
3.15887
3.25284
3.34634
3.43937
3.53195
3.62406
3.71571
3.8069
3.89764
3.98792
4.07776
4.16715
4.25609
4.34459
4.43264
4.52026
4.60744
4.69419
4.7805
4.86638
4.95184
5.03687
5.12147
5.20565
5.28941
5.37276
5.45569
5.5382
5.62031
5.702
5.78329
5.86417
5.94464
6.02472
6.1044
6.18368
6.26256
6.34105
6.41915
6.49686
6.57418
6.65112
6.72767
6.80384
6.87964
6.95505
7.03009
7.10475
7.17904
7.25296
7.32651
7.39969
7.47251
7.54497
7.61706
7.6888
7.76018
7.8312
7.90187
7.97218
8.04214
8.11176
8.18103
8.24995
8.31853
8.38677
8.45466
8.52222
8.58944
8.65633
8.72288
8.7891
8.85499
8.92055
8.98578
9.05069
9.11528
9.17954
9.24348
9.3071
9.37041
9.4334
9.49608
9.55844
9.62049
9.68224
9.74367
9.8048
9.86562
9.92614
9.98636
10.0463
10.1059
10.1652
10.2242
10.283
10.3414
10.3996
10.4574
10.515
10.5723
10.6293
10.686
10.7424
10.7986
10.8544
10.91
10.9653
11.0204
11.0751
11.1296
11.1838
11.2378
11.2915
11.3449
11.398
11.4509
11.5035
11.5558
11.6079
11.6598
11.7113
11.7627
11.8137
11.8645
11.9151
11.9654
12.0154
12.0652
12.1148
12.1641
12.2131
12.2619
12.3105
12.3588
12.4069
12.4548
12.5024
12.5497
12.5969
12.6438
12.6904
12.7369
12.7831
12.829
12.8748
12.9203
12.9656
13.0106
13.0555
13.1001
13.1445
13.1886
13.2326
13.2763
13.3198
13.3631
13.4062
13.449
13.4917
13.5341
13.5764
13.6184
13.6602
13.7018
13.7432
13.7843
13.8253
13.8661
13.9067
13.947
13.9872
14.0271
14.0669
14.1065
14.1458
14.185
14.224
14.2628
14.3014
14.3398
14.378
14.416
14.4538
14.4914
14.5289
14.5662
14.6032
14.6401
14.6768
14.7134
14.7497
14.7859
14.8218
14.8576
14.8933
14.9287
14.964
14.9991
15.034
15.0687
15.1033
15.1377
15.1719
15.206
15.2399
15.2736
15.3071
15.3405
15.3737
15.4068
15.4397
15.4724
15.5049
15.5373
15.5696
15.6016
15.6335
15.6653
15.6969
15.7283
15.7596
15.7907
15.8217
15.8525
15.8832
15.9137
15.944
15.9742
16.0043
16.0342
16.064
16.0936
16.123
16.1523
16.1815
16.2105
16.2394
16.2681
16.2967
16.3252
16.3535
16.3816
16.4096
16.4375
16.4653
16.4929
16.5203
16.5477
16.5749
16.6019
16.6288
16.6556
16.6823
16.7088
16.7352
16.7615
16.7876
16.8136
16.8395
16.8652
16.8908
16.9163
16.9416
16.9669
16.992
17.0169
17.0418
17.0665
17.0911
17.1156
17.14
17.1642
17.1883
17.2123
17.2362
17.26
17.2836
17.3071
17.3305
17.3538
17.377
17.4001
17.423
17.4458
17.4685
17.4911
17.5136
17.536
17.5583
17.5804
17.6025
17.6244
17.6462
17.6679
17.6895
17.711
17.7324
17.7537
17.7749
17.796
17.8169
17.8378
17.8586
17.8792
17.8998
17.9202
17.9406
17.9608
17.981
18.001
18.021
18.0408
18.0605
18.0802
18.0997
18.1192
18.1386
18.1578
18.177
18.196
18.215
18.2339
18.2527
18.2714
18.29
18.3085
18.3269
18.3452
18.3634
18.3816
18.3996
18.4176
18.4354
18.4532
18.4709
18.4885
18.506
18.5234
18.5408
18.558
18.5752
18.5923
18.6093
18.6262
18.643
18.6598
18.6764
18.693
18.7095
18.7259
18.7422
18.7585
18.7746
18.7907
18.8067
18.8227
18.8385
18.8543
18.87
18.8856
18.9011
18.9166
18.9319
18.9473
18.9625
18.9776
18.9927
19.0077
19.0226
19.0375
19.0522
19.067
19.0816
19.0961
19.1106
19.125
19.1394
19.1536
19.1678
19.182
19.196
19.21
19.2239
19.2378
19.2515
19.2652
19.2789
19.2925
19.306
19.3194
19.3328
19.3461
19.3593
19.3725
19.3856
19.3986
19.4116
19.4245
19.4373
19.4501
19.4628
19.4755
19.4881
19.5006
19.5131
19.5255
19.5378
19.5501
19.5623
19.5745
19.5866
19.5986
19.6106
19.6225
19.6344
19.6462
19.6579
19.6696
19.6812
19.6928
19.7043
19.7157
19.7271
19.7385
19.7497
19.761
19.7721
19.7832
19.7943
19.8053
19.8163
19.8271
19.838
19.8488
19.8595
19.8702
19.8808
19.8914
19.9019
19.9123
19.9228
19.9331
19.9434
19.9537
19.9639
19.974
19.9841
19.9942
20.0042
0
0
0.109725
0.218904
0.327537
0.435629
0.543182
0.650198
0.756681
0.862632
0.968055
1.07295
1.17733
1.28118
1.38452
1.48734
1.58964
1.69144
1.79273
1.89351
1.9938
2.09358
2.19286
2.29165
2.38994
2.48775
2.58507
2.6819
2.77825
2.87412
2.96951
3.06442
3.15887
3.25284
3.34634
3.43937
3.53195
3.62406
3.71571
3.8069
3.89764
3.98792
4.07776
4.16715
4.25609
4.34459
4.43264
4.52026
4.60744
4.69419
4.7805
4.86638
4.95184
5.03687
5.12147
5.20565
5.28941
5.37276
5.45569
5.5382
5.62031
5.702
5.78329
5.86417
5.94464
6.02472
6.1044
6.18368
6.26256
6.34105
6.41915
6.49686
6.57418
6.65112
6.72767
6.80384
6.87964
6.95505
7.03009
7.10475
7.17904
7.25296
7.32651
7.39969
7.47251
7.54497
7.61706
7.6888
7.76018
7.8312
7.90187
7.97218
8.04214
8.11176
8.18103
8.24995
8.31853
8.38677
8.45466
8.52222
8.58944
8.65633
8.72288
8.7891
8.85499
8.92055
8.98578
9.05069
9.11528
9.17954
9.24348
9.3071
9.37041
9.4334
9.49608
9.55844
9.62049
9.68224
9.74367
9.8048
9.86562
9.92614
9.98636
10.0463
10.1059
10.1652
10.2242
10.283
10.3414
10.3996
10.4574
10.515
10.5723
10.6293
10.686
10.7424
10.7986
10.8544
10.91
10.9653
11.0204
11.0751
11.1296
11.1838
11.2378
11.2915
11.3449
11.398
11.4509
11.5035
11.5558
11.6079
11.6598
11.7113
11.7627
11.8137
11.8645
11.9151
11.9654
12.0154
12.0652
12.1148
12.1641
12.2131
12.2619
12.3105
12.3588
12.4069
12.4548
12.5024
12.5497
12.5969
12.6438
12.6904
12.7369
12.7831
12.829
12.8748
12.9203
12.9656
13.0106
13.0555
13.1001
13.1445
13.1886
13.2326
13.2763
13.3198
13.3631
13.4062
13.449
13.4917
13.5341
13.5764
13.6184
13.6602
13.7018
13.7432
13.7843
13.8253
13.8661
13.9067
13.947
13.9872
14.0271
14.0669
14.1065
14.1458
14.185
14.224
14.2628
14.3014
14.3398
14.378
14.416
14.4538
14.4914
14.5289
14.5662
14.6032
14.6401
14.6768
14.7134
14.7497
14.7859
14.8218
14.8576
14.8933
14.9287
14.964
14.9991
15.034
15.0687
15.1033
15.1377
15.1719
15.206
15.2399
15.2736
15.3071
15.3405
15.3737
15.4068
15.4397
15.4724
15.5049
15.5373
15.5696
15.6016
15.6335
15.6653
15.6969
15.7283
15.7596
15.7907
15.8217
15.8525
15.8832
15.9137
15.944
15.9742
16.0043
16.0342
16.064
16.0936
16.123
16.1523
16.1815
16.2105
16.2394
16.2681
16.2967
16.3252
16.3535
16.3816
16.4096
16.4375
16.4653
16.4929
16.5203
16.5477
16.5749
16.6019
16.6288
16.6556
16.6823
16.7088
16.7352
16.7615
16.7876
16.8136
16.8395
16.8652
16.8908
16.9163
16.9416
16.9669
16.992
17.0169
17.0418
17.0665
17.0911
17.1156
17.14
17.1642
17.1883
17.2123
17.2362
17.26
17.2836
17.3071
17.3305
17.3538
17.377
17.4001
17.423
17.4458
17.4685
17.4911
17.5136
17.536
17.5583
17.5804
17.6025
17.6244
17.6462
17.6679
17.6895
17.711
17.7324
17.7537
17.7749
17.796
17.8169
17.8378
17.8586
17.8792
17.8998
17.9202
17.9406
17.9608
17.981
18.001
18.021
18.0408
18.0605
18.0802
18.0997
18.1192
18.1386
18.1578
18.177
18.196
18.215
18.2339
18.2527
18.2714
18.29
18.3085
18.3269
18.3452
18.3634
18.3816
18.3996
18.4176
18.4354
18.4532
18.4709
18.4885
18.506
18.5234
18.5408
18.558
18.5752
18.5923
18.6093
18.6262
18.643
18.6598
18.6764
18.693
18.7095
18.7259
18.7422
18.7585
18.7746
18.7907
18.8067
18.8227
18.8385
18.8543
18.87
18.8856
18.9011
18.9166
18.9319
18.9473
18.9625
18.9776
18.9927
19.0077
19.0226
19.0375
19.0522
19.067
19.0816
19.0961
19.1106
19.125
19.1394
19.1536
19.1678
19.182
19.196
19.21
19.2239
19.2378
19.2515
19.2652
19.2789
19.2925
19.306
19.3194
19.3328
19.3461
19.3593
19.3725
19.3856
19.3986
19.4116
19.4245
19.4373
19.4501
19.4628
19.4755
19.4881
19.5006
19.5131
19.5255
19.5378
19.5501
19.5623
19.5745
19.5866
19.5986
19.6106
19.6225
19.6344
19.6462
19.6579
19.6696
19.6812
19.6928
19.7043
19.7157
19.7271
19.7385
19.7497
19.761
19.7721
19.7832
19.7943
19.8053
19.8163
19.8271
19.838
19.8488
19.8595
19.8702
19.8808
19.8914
19.9019
19.9123
19.9228
19.9331
19.9434
19.9537
19.9639
19.974
19.9841
19.9942
20.0042
0
0
0.109725
0.218904
0.327537
0.435629
0.543182
0.650198
0.756681
0.862632
0.968055
1.07295
1.17733
1.28118
1.38452
1.48734
1.58964
1.69144
1.79273
1.89351
1.9938
2.09358
2.19286
2.29165
2.38994
2.48775
2.58507
2.6819
2.77825
2.87412
2.96951
3.06442
3.15887
3.25284
3.34634
3.43937
3.53195
3.62406
3.71571
3.8069
3.89764
3.98792
4.07776
4.16715
4.25609
4.34459
4.43264
4.52026
4.60744
4.69419
4.7805
4.86638
4.95184
5.03687
5.12147
5.20565
5.28941
5.37276
5.45569
5.5382
5.62031
5.702
5.78329
5.86417
5.94464
6.02472
6.1044
6.18368
6.26256
6.34105
6.41915
6.49686
6.57418
6.65112
6.72767
6.80384
6.87964
6.95505
7.03009
7.10475
7.17904
7.25296
7.32651
7.39969
7.47251
7.54497
7.61706
7.6888
7.76018
7.8312
7.90187
7.97218
8.04214
8.11176
8.18103
8.24995
8.31853
8.38677
8.45466
8.52222
8.58944
8.65633
8.72288
8.7891
8.85499
8.92055
8.98578
9.05069
9.11528
9.17954
9.24348
9.3071
9.37041
9.4334
9.49608
9.55844
9.62049
9.68224
9.74367
9.8048
9.86562
9.92614
9.98636
10.0463
10.1059
10.1652
10.2242
10.283
10.3414
10.3996
10.4574
10.515
10.5723
10.6293
10.686
10.7424
10.7986
10.8544
10.91
10.9653
11.0204
11.0751
11.1296
11.1838
11.2378
11.2915
11.3449
11.398
11.4509
11.5035
11.5558
11.6079
11.6598
11.7113
11.7627
11.8137
11.8645
11.9151
11.9654
12.0154
12.0652
12.1148
12.1641
12.2131
12.2619
12.3105
12.3588
12.4069
12.4548
12.5024
12.5497
12.5969
12.6438
12.6904
12.7369
12.7831
12.829
12.8748
12.9203
12.9656
13.0106
13.0555
13.1001
13.1445
13.1886
13.2326
13.2763
13.3198
13.3631
13.4062
13.449
13.4917
13.5341
13.5764
13.6184
13.6602
13.7018
13.7432
13.7843
13.8253
13.8661
13.9067
13.947
13.9872
14.0271
14.0669
14.1065
14.1458
14.185
14.224
14.2628
14.3014
14.3398
14.378
14.416
14.4538
14.4914
14.5289
14.5662
14.6032
14.6401
14.6768
14.7134
14.7497
14.7859
14.8218
14.8576
14.8933
14.9287
14.964
14.9991
15.034
15.0687
15.1033
15.1377
15.1719
15.206
15.2399
15.2736
15.3071
15.3405
15.3737
15.4068
15.4397
15.4724
15.5049
15.5373
15.5696
15.6016
15.6335
15.6653
15.6969
15.7283
15.7596
15.7907
15.8217
15.8525
15.8832
15.9137
15.944
15.9742
16.0043
16.0342
16.064
16.0936
16.123
16.1523
16.1815
16.2105
16.2394
16.2681
16.2967
16.3252
16.3535
16.3816
16.4096
16.4375
16.4653
16.4929
16.5203
16.5477
16.5749
16.6019
16.6288
16.6556
16.6823
16.7088
16.7352
16.7615
16.7876
16.8136
16.8395
16.8652
16.8908
16.9163
16.9416
16.9669
16.992
17.0169
17.0418
17.0665
17.0911
17.1156
17.14
17.1642
17.1883
17.2123
17.2362
17.26
17.2836
17.3071
17.3305
17.3538
17.377
17.4001
17.423
17.4458
17.4685
17.4911
17.5136
17.536
17.5583
17.5804
17.6025
17.6244
17.6462
17.6679
17.6895
17.711
17.7324
17.7537
17.7749
17.796
17.8169
17.8378
17.8586
17.8792
17.8998
17.9202
17.9406
17.9608
17.981
18.001
18.021
18.0408
18.0605
18.0802
18.0997
18.1192
18.1386
18.1578
18.177
18.196
18.215
18.2339
18.2527
18.2714
18.29
18.3085
18.3269
18.3452
18.3634
18.3816
18.3996
18.4176
18.4354
18.4532
18.4709
18.4885
18.506
18.5234
18.5408
18.558
18.5752
18.5923
18.6093
18.6262
18.643
18.6598
18.6764
18.693
18.7095
18.7259
18.7422
18.7585
18.7746
18.7907
18.8067
18.8227
18.8385
18.8543
18.87
18.8856
18.9011
18.9166
18.9319
18.9473
18.9625
18.9776
18.9927
19.0077
19.0226
19.0375
19.0522
19.067
19.0816
19.0961
19.1106
19.125
19.1394
19.1536
19.1678
19.182
19.196
19.21
19.2239
19.2378
19.2515
19.2652
19.2789
19.2925
19.306
19.3194
19.3328
19.3461
19.3593
19.3725
19.3856
19.3986
19.4116
19.4245
19.4373
19.4501
19.4628
19.4755
19.4881
19.5006
19.5131
19.5255
19.5378
19.5501
19.5623
19.5745
19.5866
19.5986
19.6106
19.6225
19.6344
19.6462
19.6579
19.6696
19.6812
19.6928
19.7043
19.7157
19.7271
19.7385
19.7497
19.761
19.7721
19.7832
19.7943
19.8053
19.8163
19.8271
19.838
19.8488
19.8595
19.8702
19.8808
19.8914
19.9019
19.9123
19.9228
19.9331
19.9434
19.9537
19.9639
19.974
19.9841
19.9942
20.0042
0
0
0.109725
0.218904
0.327537
0.435629
0.543182
0.650198
0.756681
0.862632
0.968055
1.07295
1.17733
1.28118
1.38452
1.48734
1.58964
1.69144
1.79273
1.89351
1.9938
2.09358
2.19286
2.29165
2.38994
2.48775
2.58507
2.6819
2.77825
2.87412
2.96951
3.06442
3.15887
3.25284
3.34634
3.43937
3.53195
3.62406
3.71571
3.8069
3.89764
3.98792
4.07776
4.16715
4.25609
4.34459
4.43264
4.52026
4.60744
4.69419
4.7805
4.86638
4.95184
5.03687
5.12147
5.20565
5.28941
5.37276
5.45569
5.5382
5.62031
5.702
5.78329
5.86417
5.94464
6.02472
6.1044
6.18368
6.26256
6.34105
6.41915
6.49686
6.57418
6.65112
6.72767
6.80384
6.87964
6.95505
7.03009
7.10475
7.17904
7.25296
7.32651
7.39969
7.47251
7.54497
7.61706
7.6888
7.76018
7.8312
7.90187
7.97218
8.04214
8.11176
8.18103
8.24995
8.31853
8.38677
8.45466
8.52222
8.58944
8.65633
8.72288
8.7891
8.85499
8.92055
8.98578
9.05069
9.11528
9.17954
9.24348
9.3071
9.37041
9.4334
9.49608
9.55844
9.62049
9.68224
9.74367
9.8048
9.86562
9.92614
9.98636
10.0463
10.1059
10.1652
10.2242
10.283
10.3414
10.3996
10.4574
10.515
10.5723
10.6293
10.686
10.7424
10.7986
10.8544
10.91
10.9653
11.0204
11.0751
11.1296
11.1838
11.2378
11.2915
11.3449
11.398
11.4509
11.5035
11.5558
11.6079
11.6598
11.7113
11.7627
11.8137
11.8645
11.9151
11.9654
12.0154
12.0652
12.1148
12.1641
12.2131
12.2619
12.3105
12.3588
12.4069
12.4548
12.5024
12.5497
12.5969
12.6438
12.6904
12.7369
12.7831
12.829
12.8748
12.9203
12.9656
13.0106
13.0555
13.1001
13.1445
13.1886
13.2326
13.2763
13.3198
13.3631
13.4062
13.449
13.4917
13.5341
13.5764
13.6184
13.6602
13.7018
13.7432
13.7843
13.8253
13.8661
13.9067
13.947
13.9872
14.0271
14.0669
14.1065
14.1458
14.185
14.224
14.2628
14.3014
14.3398
14.378
14.416
14.4538
14.4914
14.5289
14.5662
14.6032
14.6401
14.6768
14.7134
14.7497
14.7859
14.8218
14.8576
14.8933
14.9287
14.964
14.9991
15.034
15.0687
15.1033
15.1377
15.1719
15.206
15.2399
15.2736
15.3071
15.3405
15.3737
15.4068
15.4397
15.4724
15.5049
15.5373
15.5696
15.6016
15.6335
15.6653
15.6969
15.7283
15.7596
15.7907
15.8217
15.8525
15.8832
15.9137
15.944
15.9742
16.0043
16.0342
16.064
16.0936
16.123
16.1523
16.1815
16.2105
16.2394
16.2681
16.2967
16.3252
16.3535
16.3816
16.4096
16.4375
16.4653
16.4929
16.5203
16.5477
16.5749
16.6019
16.6288
16.6556
16.6823
16.7088
16.7352
16.7615
16.7876
16.8136
16.8395
16.8652
16.8908
16.9163
16.9416
16.9669
16.992
17.0169
17.0418
17.0665
17.0911
17.1156
17.14
17.1642
17.1883
17.2123
17.2362
17.26
17.2836
17.3071
17.3305
17.3538
17.377
17.4001
17.423
17.4458
17.4685
17.4911
17.5136
17.536
17.5583
17.5804
17.6025
17.6244
17.6462
17.6679
17.6895
17.711
17.7324
17.7537
17.7749
17.796
17.8169
17.8378
17.8586
17.8792
17.8998
17.9202
17.9406
17.9608
17.981
18.001
18.021
18.0408
18.0605
18.0802
18.0997
18.1192
18.1386
18.1578
18.177
18.196
18.215
18.2339
18.2527
18.2714
18.29
18.3085
18.3269
18.3452
18.3634
18.3816
18.3996
18.4176
18.4354
18.4532
18.4709
18.4885
18.506
18.5234
18.5408
18.558
18.5752
18.5923
18.6093
18.6262
18.643
18.6598
18.6764
18.693
18.7095
18.7259
18.7422
18.7585
18.7746
18.7907
18.8067
18.8227
18.8385
18.8543
18.87
18.8856
18.9011
18.9166
18.9319
18.9473
18.9625
18.9776
18.9927
19.0077
19.0226
19.0375
19.0522
19.067
19.0816
19.0961
19.1106
19.125
19.1394
19.1536
19.1678
19.182
19.196
19.21
19.2239
19.2378
19.2515
19.2652
19.2789
19.2925
19.306
19.3194
19.3328
19.3461
19.3593
19.3725
19.3856
19.3986
19.4116
19.4245
19.4373
19.4501
19.4628
19.4755
19.4881
19.5006
19.5131
19.5255
19.5378
19.5501
19.5623
19.5745
19.5866
19.5986
19.6106
19.6225
19.6344
19.6462
19.6579
19.6696
19.6812
19.6928
19.7043
19.7157
19.7271
19.7385
19.7497
19.761
19.7721
19.7832
19.7943
19.8053
19.8163
19.8271
19.838
19.8488
19.8595
19.8702
19.8808
19.8914
19.9019
19.9123
19.9228
19.9331
19.9434
19.9537
19.9639
19.974
19.9841
19.9942
20.0042
0
0
0.109725
0.218904
0.327537
0.435629
0.543182
0.650198
0.756681
0.862632
0.968055
1.07295
1.17733
1.28118
1.38452
1.48734
1.58964
1.69144
1.79273
1.89351
1.9938
2.09358
2.19286
2.29165
2.38994
2.48775
2.58507
2.6819
2.77825
2.87412
2.96951
3.06442
3.15887
3.25284
3.34634
3.43937
3.53195
3.62406
3.71571
3.8069
3.89764
3.98792
4.07776
4.16715
4.25609
4.34459
4.43264
4.52026
4.60744
4.69419
4.7805
4.86638
4.95184
5.03687
5.12147
5.20565
5.28941
5.37276
5.45569
5.5382
5.62031
5.702
5.78329
5.86417
5.94464
6.02472
6.1044
6.18368
6.26256
6.34105
6.41915
6.49686
6.57418
6.65112
6.72767
6.80384
6.87964
6.95505
7.03009
7.10475
7.17904
7.25296
7.32651
7.39969
7.47251
7.54497
7.61706
7.6888
7.76018
7.8312
7.90187
7.97218
8.04214
8.11176
8.18103
8.24995
8.31853
8.38677
8.45466
8.52222
8.58944
8.65633
8.72288
8.7891
8.85499
8.92055
8.98578
9.05069
9.11528
9.17954
9.24348
9.3071
9.37041
9.4334
9.49608
9.55844
9.62049
9.68224
9.74367
9.8048
9.86562
9.92614
9.98636
10.0463
10.1059
10.1652
10.2242
10.283
10.3414
10.3996
10.4574
10.515
10.5723
10.6293
10.686
10.7424
10.7986
10.8544
10.91
10.9653
11.0204
11.0751
11.1296
11.1838
11.2378
11.2915
11.3449
11.398
11.4509
11.5035
11.5558
11.6079
11.6598
11.7113
11.7627
11.8137
11.8645
11.9151
11.9654
12.0154
12.0652
12.1148
12.1641
12.2131
12.2619
12.3105
12.3588
12.4069
12.4548
12.5024
12.5497
12.5969
12.6438
12.6904
12.7369
12.7831
12.829
12.8748
12.9203
12.9656
13.0106
13.0555
13.1001
13.1445
13.1886
13.2326
13.2763
13.3198
13.3631
13.4062
13.449
13.4917
13.5341
13.5764
13.6184
13.6602
13.7018
13.7432
13.7843
13.8253
13.8661
13.9067
13.947
13.9872
14.0271
14.0669
14.1065
14.1458
14.185
14.224
14.2628
14.3014
14.3398
14.378
14.416
14.4538
14.4914
14.5289
14.5662
14.6032
14.6401
14.6768
14.7134
14.7497
14.7859
14.8218
14.8576
14.8933
14.9287
14.964
14.9991
15.034
15.0687
15.1033
15.1377
15.1719
15.206
15.2399
15.2736
15.3071
15.3405
15.3737
15.4068
15.4397
15.4724
15.5049
15.5373
15.5696
15.6016
15.6335
15.6653
15.6969
15.7283
15.7596
15.7907
15.8217
15.8525
15.8832
15.9137
15.944
15.9742
16.0043
16.0342
16.064
16.0936
16.123
16.1523
16.1815
16.2105
16.2394
16.2681
16.2967
16.3252
16.3535
16.3816
16.4096
16.4375
16.4653
16.4929
16.5203
16.5477
16.5749
16.6019
16.6288
16.6556
16.6823
16.7088
16.7352
16.7615
16.7876
16.8136
16.8395
16.8652
16.8908
16.9163
16.9416
16.9669
16.992
17.0169
17.0418
17.0665
17.0911
17.1156
17.14
17.1642
17.1883
17.2123
17.2362
17.26
17.2836
17.3071
17.3305
17.3538
17.377
17.4001
17.423
17.4458
17.4685
17.4911
17.5136
17.536
17.5583
17.5804
17.6025
17.6244
17.6462
17.6679
17.6895
17.711
17.7324
17.7537
17.7749
17.796
17.8169
17.8378
17.8586
17.8792
17.8998
17.9202
17.9406
17.9608
17.981
18.001
18.021
18.0408
18.0605
18.0802
18.0997
18.1192
18.1386
18.1578
18.177
18.196
18.215
18.2339
18.2527
18.2714
18.29
18.3085
18.3269
18.3452
18.3634
