0.100748
0
0.200993
0
0.300739
0
0.399987
0
0.49874
0
0.597
0
0.694771
0
0.792053
0
0.888851
0
0.985166
0
1.081
0
1.17636
0
1.27124
0
1.36564
0
1.45958
0
1.55305
0
1.64605
0
1.73859
0
1.83067
0
1.92228
0
2.01344
0
2.10415
0
2.1944
0
2.28421
0
2.37356
0
2.46247
0
2.55094
0
2.63896
0
2.72655
0
2.8137
0
2.90041
0
2.9867
0
3.07255
0
3.15797
0
3.24297
0
3.32754
0
3.41169
0
3.49543
0
3.57874
0
3.66164
0
3.74412
0
3.8262
0
3.90786
0
3.98912
0
4.06997
0
4.15042
0
4.23047
0
4.31012
0
4.38937
0
4.46822
0
4.54669
0
4.62476
0
4.70244
0
4.77973
0
4.85664
0
4.93317
0
5.00931
0
5.08508
0
5.16046
0
5.23547
0
5.31011
0
5.38437
0
5.45826
0
5.53179
0
5.60495
0
5.67774
0
5.75017
0
5.82224
0
5.89395
0
5.9653
0
6.0363
0
6.10694
0
6.17723
0
6.24717
0
6.31676
0
6.386
0
6.4549
0
6.52345
0
6.59166
0
6.65954
0
6.72707
0
6.79426
0
6.86113
0
6.92765
0
6.99385
0
7.05972
0
7.12525
0
7.19046
0
7.25535
0
7.31991
0
7.38415
0
7.44807
0
7.51167
0
7.57495
0
7.63792
0
7.70058
0
7.76292
0
7.82495
0
7.88667
0
7.94808
0
8.00919
0
8.06999
0
8.13049
0
8.19068
0
8.25058
0
8.31018
0
8.36948
0
8.42849
0
8.4872
0
8.54561
0
8.60374
0
8.66158
0
8.71913
0
8.77639
0
8.83336
0
8.89005
0
8.94646
0
9.00259
0
9.05844
0
9.114
0
9.1693
0
9.22431
0
9.27905
0
9.33352
0
9.38772
0
9.44165
0
9.4953
0
9.54869
0
9.60182
0
9.65468
0
9.70727
0
9.7596
0
9.81167
0
9.86349
0
9.91504
0
9.96634
0
10.0174
0
10.0682
0
10.1187
0
10.169
0
10.219
0
10.2688
0
10.3183
0
10.3676
0
10.4166
0
10.4654
0
10.514
0
10.5623
0
10.6104
0
10.6582
0
10.7058
0
10.7531
0
10.8003
0
10.8471
0
10.8938
0
10.9402
0
10.9864
0
11.0323
0
11.0781
0
11.1236
0
11.1688
0
11.2139
0
11.2587
0
11.3033
0
11.3477
0
11.3918
0
11.4357
0
11.4794
0
11.5229
0
11.5662
0
11.6093
0
11.6521
0
11.6948
0
11.7372
0
11.7794
0
11.8214
0
11.8632
0
11.9048
0
11.9461
0
11.9873
0
12.0283
0
12.069
0
12.1096
0
12.1499
0
12.1901
0
12.23
0
12.2698
0
12.3093
0
12.3487
0
12.3878
0
12.4268
0
12.4656
0
12.5041
0
12.5425
0
12.5807
0
12.6187
0
12.6565
0
12.6942
0
12.7316
0
12.7688
0
12.8059
0
12.8428
0
12.8795
0
12.916
0
12.9523
0
12.9885
0
13.0244
0
13.0602
0
13.0958
0
13.1313
0
13.1665
0
13.2016
0
13.2365
0
13.2712
0
13.3058
0
13.3402
0
13.3744
0
13.4084
0
13.4423
0
13.476
0
13.5095
0
13.5429
0
13.5761
0
13.6091
0
13.642
0
13.6747
0
13.7073
0
13.7397
0
13.7719
0
13.8039
0
13.8358
0
13.8676
0
13.8992
0
13.9306
0
13.9619
0
13.993
0
14.0239
0
14.0547
0
14.0854
0
14.1159
0
14.1462
0
14.1764
0
14.2065
0
14.2364
0
14.2661
0
14.2957
0
14.3251
0
14.3544
0
14.3836
0
14.4126
0
14.4415
0
14.4702
0
14.4988
0
14.5272
0
14.5555
0
14.5836
0
14.6117
0
14.6395
0
14.6673
0
14.6949
0
14.7223
0
14.7496
0
14.7768
0
14.8039
0
14.8308
0
14.8576
0
14.8842
0
14.9107
0
14.9371
0
14.9633
0
14.9895
0
15.0155
0
15.0413
0
15.067
0
15.0926
0
15.1181
0
15.1435
0
15.1687
0
15.1938
0
15.2187
0
15.2436
0
15.2683
0
15.2929
0
15.3174
0
15.3417
0
15.366
0
15.3901
0
15.4141
0
15.4379
0
15.4617
0
15.4853
0
15.5088
0
15.5322
0
15.5555
0
15.5787
0
15.6017
0
15.6247
0
15.6475
0
15.6702
0
15.6928
0
15.7153
0
15.7376
0
15.7599
0
15.782
0
15.8041
0
15.826
0
15.8478
0
15.8695
0
15.8911
0
15.9126
0
15.934
0
15.9553
0
15.9764
0
15.9975
0
16.0184
0
16.0393
0
16.0601
0
16.0807
0
16.1012
0
16.1217
0
16.142
0
16.1623
0
16.1824
0
16.2024
0
16.2224
0
16.2422
0
16.262
0
16.2816
0
16.3011
0
16.3206
0
16.3399
0
16.3592
0
16.3783
0
16.3974
0
16.4164
0
16.4352
0
16.454
0
16.4727
0
16.4913
0
16.5098
0
16.5282
0
16.5465
0
16.5647
0
16.5829
0
16.6009
0
16.6189
0
16.6367
0
16.6545
0
16.6722
0
16.6898
0
16.7073
0
16.7247
0
16.742
0
16.7593
0
16.7764
0
16.7935
0
16.8105
0
16.8274
0
16.8442
0
16.861
0
16.8776
0
16.8942
0
16.9107
0
16.9271
0
16.9434
0
16.9596
0
16.9758
0
16.9919
0
17.0079
0
17.0238
0
17.0397
0
17.0554
0
17.0711
0
17.0867
0
17.1022
0
17.1177
0
17.1331
0
17.1483
0
17.1636
0
17.1787
0
17.1938
0
17.2088
0
17.2237
0
17.2385
0
17.2533
0
17.268
0
17.2826
0
17.2972
0
17.3117
0
17.3261
0
17.3404
0
17.3547
0
17.3689
0
17.383
0
17.397
0
17.411
0
17.4249
0
17.4388
0
17.4525
0
17.4662
0
17.4799
0
17.4934
0
17.5069
0
17.5204
0
17.5337
0
17.547
0
17.5603
0
17.5734
0
17.5865
0
17.5996
0
17.6125
0
17.6254
0
17.6383
0
17.651
0
17.6638
0
17.6764
0
17.689
0
17.7015
0
17.714
0
17.7264
0
17.7387
0
17.751
0
17.7632
0
17.7754
0
17.7875
0
17.7995
0
17.8115
0
17.8234
0
17.8352
0
17.847
0
17.8588
0
17.8704
0
17.8821
0
17.8936
0
17.9051
0
17.9166
0
17.9279
0
17.9393
0
17.9506
0
17.9618
0
17.9729
0
17.984
0
17.9951
0
18.0061
0
18.017
0
18.0279
0
18.0388
0
18.0495
0
18.0603
0
18.0709
0
18.0816
0
18.0921
0
18.1026
0
18.1131
0
18.1235
0
18.1339
0
18.1442
0
18.1544
0
18.1646
0
18.1748
0
18.1849
0
18.1949
0
18.2049
0
18.2149
0
18.2248
0
18.2346
0
18.2444
0
18.2542
0
18.2639
0
18.2735
0
18.2832
0
18.2927
0
18.3022
0
18.3117
0
18.3211
0
18.3305
0
18.3398
0
18.3491
0
18.3583
0
18.3675
0
18.3766
0
18.3857
0
18.3948
0
18.4038
0
18.4127
0
18.4217
0
18.4305
0
18.4394
0
18.4481
0
18.4569
0
18.4656
0
18.4742
0
18.4828
0
18.4914
0
18.4999
0
18.5084
0
18.5168
0
18.5252
0
18.5336
0
18.5419
0
18.5502
0
18.5584
0
18.5666
0
18.5747
0
18.5828
0
18.5909
0
18.5989
0
18.6069
0
18.6148
0
18.6228
0
18.6306
0
18.6384
0
18.6462
0
18.654
0
18.6617
0
18.6694
0
18.677
0
18.6846
0
18.6922
0
18.6997
0
18.7072
0
18.7146
0
18.722
0
18.7294
0
18.7367
0
18.744
0
18.7513
0
18.7585
0
18.7657
0
18.7728
0
18.78
0
18.787
0
18.7941
0
18.8011
0
18.8081
0
18.815
0
18.8219
0
18.8288
0
18.8356
0
18.8424
0
18.8492
0
18.856
0
18.8627
0
18.8693
0
18.876
0
18.8826
0
18.8891
0
18.8957
0
18.9022
0
18.9087
0
18.9151
0
18.9215
0
18.9279
0
18.9342
0
18.9405
0
18.9468
0
18.9531
0
18.9593
0
18.9655
0
18.9716
0
18.9778
0
18.9839
0
18.9899
0
18.996
0
19.002
0
19.0079
0
19.0139
0
19.0198
0
19.0257
0
19.0315
0
19.0374
0
19.0432
0
19.0489
0
19.0547
0
19.0604
0
19.0661
0
19.0717
0
19.0774
0
19.083
0
19.0885
0
19.0941
0
19.0996
0
19.1051
0
19.1105
0
19.116
0
19.1214
0
19.1268
0
19.1321
0
19.1374
0
19.1427
0
19.148
0
19.1533
0
19.1585
0
19.1637
0
19.1688
0
19.174
0
19.1791
0
19.1842
0
19.1893
0
19.1943
0
19.1993
0
19.2043
0
19.2093
0
19.2142
0
19.2191
0
19.224
0
19.2289
0
19.2337
0
19.2386
0
19.2433
0
19.2481
0
19.2529
0
19.2576
0
19.2623
0
19.267
0
19.2716
0
19.2763
0
19.2809
0
19.2854
0
19.29
0
19.2945
0
19.2991
0
19.3036
0
19.308
0
19.3125
0
19.3169
0
19.3213
0
19.3257
0
19.33
0
19.3344
0
19.3387
0
19.343
0
19.3473
0
19.3515
0
19.3558
0
19.36
0
19.3642
0
19.3683
0
19.3725
0
19.3766
0
19.3807
0
19.3848
0
19.3889
0
19.3929
0
19.3969
0
19.4009
0
19.4049
0
19.4089
0
19.4128
0
19.4168
0
19.4207
0
19.4246
0
19.4284
0
19.4323
0
19.4361
0
19.4399
0
19.4437
0
19.4475
0
19.4512
0
19.455
0
19.4587
0
19.4624
0
19.4661
0
19.4697
0
19.4734
0
19.477
0
19.4806
0
19.4842
0
19.4877
0
19.4913
0
19.4948
0
19.4983
0
19.5018
0
19.5053
0
19.5088
0
19.5122
0
19.5157
0
19.5191
0
19.5225
0
19.5259
0
19.5292
0
19.5326
0
19.5359
0
19.5392
0
19.5425
0
19.5458
0
19.549
0
19.5523
0
19.5555
0
19.5587
0
19.5619
0
19.5651
0
19.5683
0
19.5714
0
19.5746
0
19.5777
0
19.5808
0
19.5839
0
19.587
0
19.59
0
19.5931
0
19.5961
0
19.5991
0
19.6021
0
19.6051
0
19.608
0
19.611
0
19.6139
0
19.6169
0
19.6198
0
19.6227
0
19.6255
0
19.6284
0
19.6313
0
19.6341
0
19.6369
0
19.6397
0
19.6425
0
19.6453
0
19.6481
0
19.6508
0
19.6536
0
19.6563
0
19.659
0
19.6617
0
19.6644
0
19.667
0
19.6697
0
19.6723
0
19.675
0
19.6776
0
19.6802
0
19.6828
0
19.6854
0
19.6879
0
19.6905
0
19.693
0
19.6956
0
19.6981
0
19.7006
0
19.7031
0
19.7056
0
19.708
0
19.7105
0
19.7129
0
19.7153
0
19.7178
0
19.7202
0
19.7226
0
19.7249
0
19.7273
0
19.7297
0
19.732
0
19.7343
0
19.7367
0
19.739
0
19.7413
0
19.7436
0
19.7458
0
19.7481
0
19.7504
0
19.7526
0
19.7548
0
19.7571
0
19.7593
0
19.7615
0
19.7637
0
19.7658
0
19.768
0
19.7701
0
19.7723
0
19.7744
0
19.7765
0
19.7787
0
19.7808
0
19.7829
0
19.7849
0
19.787
0
19.7891
0
19.7911
0
19.7932
0
19.7952
0
19.7972
0
19.7992
0
19.8012
0
19.8032
0
19.8052
0
19.8071
0
19.8091
0
19.8111
0
19.813
0
19.8149
0
19.8168
0
19.8188
0
19.8207
0
19.8226
0
19.8244
0
19.8263
0
19.8282
0
19.83
0
19.8319
0
19.8337
0
19.8355
0
19.8374
0
19.8392
0
19.841
0
19.8427
0
19.8445
0
19.8463
0
19.8481
0
19.8498
0
19.8516
0
19.8533
0
19.855
0
19.8568
0
19.8585
0
19.8602
0
19.8619
0
19.8636
0
19.8652
0
19.8669
0
19.8686
0
19.8702
0
19.8719
0
19.8735
0
19.8751
0
19.8767
0
19.8784
0
19.88
0
19.8816
0
19.8831
0
19.8847
0
19.8863
0
19.8879
0
19.8894
0
19.891
0
19.8925
0
19.894
0
19.8956
0
19.8971
0
19.8986
0
19.9001
0
19.9016
0
19.9031
0
19.9046
0
19.906
0
19.9075
0
19.909
0
19.9104
0
19.9119
0
19.9133
0
19.9147
0
19.9162
0
19.9176
0
19.919
0
19.9204
0
19.9218
0
19.9232
0
19.9245
0
19.9259
0
19.9273
0
19.9286
0
19.93
0
19.9313
0
19.9327
0
19.934
0
19.9353
0
19.9367
0
19.938
0
19.9393
0
19.9406
0
19.9419
0
19.9432
0
19.9444
0
19.9457
0
19.947
0
19.9482
0
19.9495
0
19.9508
0
19.952
0
19.9532
0
19.9545
0
19.9557
0
19.9569
0
19.9581
0
19.9593
0
19.9605
0
19.9617
0
19.9629
0
19.9641
0
19.9653
0
19.9664
0
19.9676
0
19.9688
0
19.9699
0
19.9711
0
19.9722
0
19.9733
0
19.9745
0
19.9756
0
19.9767
0
19.9778
0
19.9789
0
19.98
0
19.9811
0
19.9822
0
19.9833
0
19.9844
0
19.9855
0
19.9865
0
19.9876
0
19.9887
0
19.9897
0
19.9908
0
19.9918
0
19.9929
0
19.9939
0
19.9949
0
19.9959
0
19.997
0
19.998
0
19.999
0
20
0
20.001
0
0
0
0
0
0
0
0
0
0
0
0
0
0
0
0
0
0
0
0
0
0
0
0
0
0
0
0
0
0
0
0
0.1
0
0.0995012
0
0.099005
0
0.0985112
0
0.0980199
0.100748
0.097531
0.200993
0.0970446
0.300739
0.0965605
0.399987
0.0960789
0.49874
0.0955997
0.597
0.0951229
0.694771
0.0946485
0.792053
0.0941765
0.888851
0.0937067
0.985166
0.0932394
1.081
0.0927743
1.17636
0.0923116
1.27124
0.0918512
1.36564
0.0913931
1.45958
0.0909373
1.55305
0.0904837
1.64605
0.0900325
1.73859
0.0895834
1.83067
0.0891366
1.92228
0.088692
2.01344
0.0882497
2.10415
0.0878095
2.1944
0.0873716
2.28421
0.0869358
2.37356
0.0865022
2.46247
0.0860708
2.55094
0.0856415
2.63896
0.0852144
2.72655
0.0847894
2.8137
0.0843665
2.90041
0.0839457
2.9867
0.083527
3.07255
0.0831104
3.15797
0.0826959
3.24297
0.0822835
3.32754
0.0818731
3.41169
0.0814647
3.49543
0.0810584
3.57874
0.0806541
3.66164
0.0802519
3.74412
0.0798516
3.8262
0.0794534
3.90786
0.0790571
3.98912
0.0786628
4.06997
0.0782705
4.15042
0.0778801
4.23047
0.0774916
4.31012
0.0771052
4.38937
0.0767206
4.46822
0.0763379
4.54669
0.0759572
4.62476
0.0755784
4.70244
0.0752014
4.77973
0.0748264
4.85664
0.0744532
4.93317
0.0740818
5.00931
0.0737123
5.08508
0.0733447
5.16046
0.0729789
5.23547
0.0726149
5.31011
0.0722527
5.38437
0.0718924
5.45826
0.0715338
5.53179
0.071177
5.60495
0.070822
5.67774
0.0704688
5.75017
0.0701173
5.82224
0.0697676
5.89395
0.0694197
5.9653
0.0690734
6.0363
0.0687289
6.10694
0.0683861
6.17723
0.0680451
6.24717
0.0677057
6.31676
0.067368
6.386
0.067032
6.4549
0.0666977
6.52345
0.066365
6.59166
0.066034
6.65954
0.0657047
6.72707
0.065377
6.79426
0.0650509
6.86113
0.0647265
6.92765
0.0644036
6.99385
0.0640824
7.05972
0.0637628
7.12525
0.0634448
7.19046
0.0631284
7.25535
0.0628135
7.31991
0.0625002
7.38415
0.0621885
7.44807
0.0618783
7.51167
0.0615697
7.57495
0.0612626
7.63792
0.0609571
7.70058
0.0606531
7.76292
0.0603506
7.82495
0.0600496
7.88667
0.0597501
7.94808
0.0594521
8.00919
0.0591555
8.06999
0.0588605
8.13049
0.0585669
8.19068
0.0582748
8.25058
0.0579842
8.31018
0.057695
8.36948
0.0574072
8.42849
0.0571209
8.4872
0.056836
8.54561
0.0565525
8.60374
0.0562705
8.66158
0.0559898
8.71913
0.0557106
8.77639
0.0554327
8.83336
0.0551563
8.89005
0.0548812
8.94646
0.0546074
9.00259
0.0543351
9.05844
0.0540641
9.114
0.0537944
9.1693
0.0535261
9.22431
0.0532592
9.27905
0.0529935
9.33352
0.0527292
9.38772
0.0524663
9.44165
0.0522046
9.4953
0.0519442
9.54869
0.0516851
9.60182
0.0514274
9.65468
0.0511709
9.70727
0.0509156
9.7596
0.0506617
9.81167
0.050409
9.86349
0.0501576
9.91504
0.0499074
9.96634
0.0496585
10.0174
0.0494109
10.0682
0.0491644
10.1187
0.0489192
10.169
0.0486752
10.219
0.0484325
10.2688
0.0481909
10.3183
0.0479505
10.3676
0.0477114
10.4166
0.0474734
10.4654
0.0472367
10.514
0.0470011
10.5623
0.0467666
10.6104
0.0465334
10.6582
0.0463013
10.7058
0.0460704
10.7531
0.0458406
10.8003
0.045612
10.8471
0.0453845
10.8938
0.0451581
10.9402
0.0449329
10.9864
0.0447088
11.0323
0.0444858
11.0781
0.0442639
11.1236
0.0440432
11.1688
0.0438235
11.2139
0.0436049
11.2587
0.0433874
11.3033
0.0431711
11.3477
0.0429557
11.3918
0.0427415
11.4357
0.0425283
11.4794
0.0423162
11.5229
0.0421052
11.5662
0.0418952
11.6093
0.0416862
11.6521
0.0414783
11.6948
0.0412714
11.7372
0.0410656
11.7794
0.0408608
11.8214
0.040657
11.8632
0.0404542
11.9048
0.0402524
11.9461
0.0400517
11.9873
0.0398519
12.0283
0.0396531
12.069
0.0394554
12.1096
0.0392586
12.1499
0.0390628
12.1901
0.038868
12.23
0.0386741
12.2698
0.0384812
12.3093
0.0382893
12.3487
0.0380983
12.3878
0.0379083
12.4268
0.0377192
12.4656
0.0375311
12.5041
0.0373439
12.5425
0.0371577
12.5807
0.0369723
12.6187
0.0367879
12.6565
0.0366045
12.6942
0.0364219
12.7316
0.0362402
12.7688
0.0360595
12.8059
0.0358796
12.8428
0.0357007
12.8795
0.0355226
12.916
0.0353455
12.9523
0.0351692
12.9885
0.0349938
13.0244
0.0348192
13.0602
0.0346456
13.0958
0.0344728
13.1313
0.0343009
13.1665
0.0341298
13.2016
0.0339596
13.2365
0.0337902
13.2712
0.0336216
13.3058
0.033454
13.3402
0.0332871
13.3744
0.0331211
13.4084
0.0329559
13.4423
0.0327915
13.476
0.032628
13.5095
0.0324652
13.5429
0.0323033
13.5761
0.0321422
13.6091
0.0319819
13.642
0.0318224
13.6747
0.0316637
13.7073
0.0315058
13.7397
0.0313486
13.7719
0.0311923
13.8039
0.0310367
13.8358
0.0308819
13.8676
0.0307279
13.8992
0.0305746
13.9306
0.0304221
13.9619
0.0302704
13.993
0.0301194
14.0239
0.0299692
14.0547
0.0298197
14.0854
0.029671
14.1159
0.029523
14.1462
0.0293758
14.1764
0.0292293
14.2065
0.0290835
14.2364
0.0289384
14.2661
0.0287941
14.2957
0.0286505
14.3251
0.0285076
14.3544
0.0283654
14.3836
0.0282239
14.4126
0.0280832
14.4415
0.0279431
14.4702
0.0278037
14.4988
0.0276651
14.5272
0.0275271
14.5555
0.0273898
14.5836
0.0272532
14.6117
0.0271173
14.6395
0.026982
14.6673
0.0268474
14.6949
0.0267135
14.7223
0.0265803
14.7496
0.0264477
14.7768
0.0263158
14.8039
0.0261846
14.8308
0.026054
14.8576
0.025924
14.8842
0.0257947
14.9107
0.0256661
14.9371
0.0255381
14.9633
0.0254107
14.9895
0.025284
15.0155
0.0251579
15.0413
0.0250324
15.067
0.0249075
15.0926
0.0247833
15.1181
0.0246597
15.1435
0.0245367
15.1687
0.0244143
15.1938
0.0242926
15.2187
0.0241714
15.2436
0.0240508
15.2683
0.0239309
15.2929
0.0238115
15.3174
0.0236928
15.3417
0.0235746
15.366
0.023457
15.3901
0.02334
15.4141
0.0232236
15.4379
0.0231078
15.4617
0.0229925
15.4853
0.0228779
15.5088
0.0227638
15.5322
0.0226502
15.5555
0.0225373
15.5787
0.0224249
15.6017
0.022313
15.6247
0.0222017
15.6475
0.022091
15.6702
0.0219808
15.6928
0.0218712
15.7153
0.0217621
15.7376
0.0216536
15.7599
0.0215456
15.782
0.0214381
15.8041
0.0213312
15.826
0.0212248
15.8478
0.0211189
15.8695
0.0210136
15.8911
0.0209088
15.9126
0.0208045
15.934
0.0207008
15.9553
0.0205975
15.9764
0.0204948
15.9975
0.0203926
16.0184
0.0202909
16.0393
0.0201897
16.0601
0.020089
16.0807
0.0199888
16.1012
0.0198891
16.1217
0.0197899
16.142
0.0196912
16.1623
0.019593
16.1824
0.0194952
16.2024
0.019398
16.2224
0.0193013
16.2422
0.019205
16.262
0.0191092
16.2816
0.0190139
16.3011
0.0189191
16.3206
0.0188247
16.3399
0.0187308
16.3592
0.0186374
16.3783
0.0185444
16.3974
0.018452
16.4164
0.0183599
16.4352
0.0182684
16.454
0.0181772
16.4727
0.0180866
16.4913
0.0179964
16.5098
0.0179066
16.5282
0.0178173
16.5465
0.0177284
16.5647
0.01764
16.5829
0.017552
16.6009
0.0174645
16.6189
0.0173774
16.6367
0.0172907
16.6545
0.0172045
16.6722
0.0171187
16.6898
0.0170333
16.7073
0.0169483
16.7247
0.0168638
16.742
0.0167797
16.7593
0.016696
16.7764
0.0166127
16.7935
0.0165299
16.8105
0.0164474
16.8274
0.0163654
16.8442
0.0162838
16.861
0.0162026
16.8776
0.0161218
16.8942
0.0160414
16.9107
0.0159614
16.9271
0.0158817
16.9434
0.0158025
16.9596
0.0157237
16.9758
0.0156453
16.9919
0.0155673
17.0079
0.0154896
17.0238
0.0154124
17.0397
0.0153355
17.0554
0.015259
17.0711
0.0151829
17.0867
0.0151072
17.1022
0.0150318
17.1177
0.0149569
17.1331
0.0148823
17.1483
0.014808
17.1636
0.0147342
17.1787
0.0146607
17.1938
0.0145876
17.2088
0.0145148
17.2237
0.0144424
17.2385
0.0143704
17.2533
0.0142987
17.268
0.0142274
17.2826
0.0141564
17.2972
0.0140858
17.3117
0.0140156
17.3261
0.0139457
17.3404
0.0138761
17.3547
0.0138069
17.3689
0.0137381
17.383
0.0136695
17.397
0.0136014
17.411
0.0135335
17.4249
0.013466
17.4388
0.0133989
17.4525
0.013332
17.4662
0.0132655
17.4799
0.0131994
17.4934
0.0131336
17.5069
0.013068
17.5204
0.0130029
17.5337
0.012938
17.547
0.0128735
17.5603
0.0128093
17.5734
0.0127454
17.5865
0.0126818
17.5996
0.0126186
17.6125
0.0125556
17.6254
0.012493
17.6383
0.0124307
17.651
0.0123687
17.6638
0.012307
17.6764
0.0122456
17.689
0.0121846
17.7015
0.0121238
17.714
0.0120633
17.7264
0.0120032
17.7387
0.0119433
17.751
0.0118837
17.7632
0.0118245
17.7754
0.0117655
17.7875
0.0117068
17.7995
0.0116484
17.8115
0.0115903
17.8234
0.0115325
17.8352
0.011475
17.847
0.0114178
17.8588
0.0113608
17.8704
0.0113042
17.8821
0.0112478
17.8936
0.0111917
17.9051
0.0111359
17.9166
0.0110803
17.9279
0.0110251
17.9393
0.0109701
17.9506
0.0109154
17.9618
0.0108609
17.9729
0.0108067
17.984
0.0107528
17.9951
0.0106992
18.0061
0.0106459
18.017
0.0105928
18.0279
0.0105399
18.0388
0.0104874
18.0495
0.010435
18.0603
0.010383
18.0709
0.0103312
18.0816
0.0102797
18.0921
0.0102284
18.1026
0.0101774
18.1131
0.0101266
18.1235
0.0100761
18.1339
0.0100259
18.1442
0.00997588
18.1544
0.00992613
18.1646
0.00987662
18.1748
0.00982736
18.1849
0.00977834
18.1949
0.00972957
18.2049
0.00968105
18.2149
0.00963276
18.2248
0.00958472
18.2346
0.00953692
18.2444
0.00948935
18.2542
0.00944202
18.2639
0.00939493
18.2735
0.00934807
18.2832
0.00930145
18.2927
0.00925506
18.3022
0.0092089
18.3117
0.00916297
18.3211
0.00911727
18.3305
0.0090718
18.3398
0.00902655
18.3491
0.00898153
18.3583
0.00893673
18.3675
0.00889216
18.3766
0.00884781
18.3857
0.00880368
18.3948
0.00875977
18.4038
0.00871609
18.4127
0.00867261
18.4217
0.00862936
18.4305
0.00858632
18.4394
0.0085435
18.4481
0.00850088
18.4569
0.00845849
18.4656
0.0084163
18.4742
0.00837432
18.4828
0.00833256
18.4914
0.008291
18.4999
0.00824965
18.5084
0.0082085
18.5168
0.00816756
18.5252
0.00812682
18.5336
0.00808629
18.5419
0.00804596
18.5502
0.00800583
18.5584
0.0079659
18.5666
0.00792617
18.5747
0.00788664
18.5828
0.00784731
18.5909
0.00780817
18.5989
0.00776922
18.6069
0.00773047
18.6148
0.00769192
18.6228
0.00765355
18.6306
0.00761538
18.6384
0.0075774
18.6462
0.00753961
18.654
0.007502
18.6617
0.00746459
18.6694
0.00742736
18.677
0.00739031
18.6846
0.00735345
18.6922
0.00731678
18.6997
0.00728029
18.7072
0.00724398
18.7146
0.00720785
18.722
0.0071719
18.7294
0.00713613
18.7367
0.00710054
18.744
0.00706512
18.7513
0.00702988
18.7585
0.00699482
18.7657
0.00695994
18.7728
0.00692522
18.78
0.00689068
18.787
0.00685632
18.7941
0.00682212
18.8011
0.00678809
18.8081
0.00675424
18.815
0.00672055
18.8219
0.00668703
18.8288
0.00665368
18.8356
0.0066205
18.8424
0.00658748
18.8492
0.00655462
18.856
0.00652193
18.8627
0.0064894
18.8693
0.00645703
18.876
0.00642483
18.8826
0.00639279
18.8891
0.0063609
18.8957
0.00632918
18.9022
0.00629761
18.9087
0.0062662
18.9151
0.00623495
18.9215
0.00620385
18.9279
0.00617291
18.9342
0.00614212
18.9405
0.00611149
18.9468
0.00608101
18.9531
0.00605068
18.9593
0.0060205
18.9655
0.00599047
18.9716
0.00596059
18.9778
0.00593087
18.9839
0.00590129
18.9899
0.00587185
18.996
0.00584257
19.002
0.00581343
19.0079
0.00578443
19.0139
0.00575558
19.0198
0.00572688
19.0257
0.00569831
19.0315
0.00566989
19.0374
0.00564161
19.0432
0.00561348
19.0489
0.00558548
19.0547
0.00555762
19.0604
0.0055299
19.0661
0.00550232
19.0717
0.00547488
19.0774
0.00544757
19.083
0.0054204
19.0885
0.00539337
19.0941
0.00536647
19.0996
0.0053397
19.1051
0.00531307
19.1105
0.00528657
19.116
0.00526021
19.1214
0.00523397
19.1268
0.00520787
19.1321
0.00518189
19.1374
0.00515605
19.1427
0.00513033
19.148
0.00510474
19.1533
0.00507928
19.1585
0.00505395
19.1637
0.00502874
19.1688
0.00500366
19.174
0.00497871
19.1791
0.00495388
19.1842
0.00492917
19.1893
0.00490458
19.1943
0.00488012
19.1993
0.00485578
19.2043
0.00483156
19.2093
0.00480747
19.2142
0.00478349
19.2191
0.00475963
19.224
0.00473589
19.2289
0.00471227
19.2337
0.00468877
19.2386
0.00466538
19.2433
0.00464212
19.2481
0.00461896
19.2529
0.00459593
19.2576
0.004573
19.2623
0.0045502
19.267
0.0045275
19.2716
0.00450492
19.2763
0.00448245
19.2809
0.0044601
19.2854
0.00443785
19.29
0.00441572
19.2945
0.00439369
19.2991
0.00437178
19.3036
0.00434998
19.308
0.00432828
19.3125
0.00430669
19.3169
0.00428521
19.3213
0.00426384
19.3257
0.00424257
19.33
0.00422141
19.3344
0.00420036
19.3387
0.00417941
19.343
0.00415857
19.3473
0.00413782
19.3515
0.00411719
19.3558
0.00409665
19.36
0.00407622
19.3642
0.00405589
19.3683
0.00403566
19.3725
0.00401553
19.3766
0.00399551
19.3807
0.00397558
19.3848
0.00395575
19.3889
0.00393602
19.3929
0.00391639
19.3969
0.00389686
19.4009
0.00387742
19.4049
0.00385808
19.4089
0.00383884
19.4128
0.00381969
19.4168
0.00380064
19.4207
0.00378169
19.4246
0.00376283
19.4284
0.00374406
19.4323
0.00372538
19.4361
0.0037068
19.4399
0.00368832
19.4437
0.00366992
19.4475
0.00365162
19.4512
0.0036334
19.455
0.00361528
19.4587
0.00359725
19.4624
0.00357931
19.4661
0.00356146
19.4697
0.0035437
19.4734
0.00352602
19.477
0.00350844
19.4806
0.00349094
19.4842
0.00347353
19.4877
0.0034562
19.4913
0.00343896
19.4948
0.00342181
19.4983
0.00340475
19.5018
0.00338776
19.5053
0.00337087
19.5088
0.00335406
19.5122
0.00333733
19.5157
0.00332068
19.5191
0.00330412
19.5225
0.00328764
19.5259
0.00327124
19.5292
0.00325493
19.5326
0.00323869
19.5359
0.00322254
19.5392
0.00320647
19.5425
0.00319048
19.5458
0.00317456
19.549
0.00315873
19.5523
0.00314298
19.5555
0.0031273
19.5587
0.0031117
19.5619
0.00309618
19.5651
0.00308074
19.5683
0.00306538
19.5714
0.00305009
19.5746
0.00303487
19.5777
0.00301974
19.5808
0.00300468
19.5839
0.00298969
19.587
0.00297478
19.59
0.00295994
19.5931
0.00294518
19.5961
0.00293049
19.5991
0.00291588
19.6021
0.00290133
19.6051
0.00288686
19.608
0.00287246
19.611
0.00285814
19.6139
0.00284388
19.6169
0.0028297
19.6198
0.00281559
19.6227
0.00280154
19.6255
0.00278757
19.6284
0.00277367
19.6313
0.00275983
19.6341
0.00274607
19.6369
0.00273237
19.6397
0.00271874
19.6425
0.00270518
19.6453
0.00269169
19.6481
0.00267827
19.6508
0.00266491
19.6536
0.00265162
19.6563
0.00263839
19.659
0.00262523
19.6617
0.00261214
19.6644
0.00259911
19.667
0.00258615
19.6697
0.00257325
19.6723
0.00256042
19.675
0.00254765
19.6776
0.00253494
19.6802
0.0025223
19.6828
0.00250972
19.6854
0.0024972
19.6879
0.00248475
19.6905
0.00247235
19.693
0.00246002
19.6956
0.00244775
19.6981
0.00243554
19.7006
0.0024234
19.7031
0.00241131
19.7056
0.00239928
19.708
0.00238732
19.7105
0.00237541
19.7129
0.00236356
19.7153
0.00235177
19.7178
0.00234005
19.7202
0.00232837
19.7226
0.00231676
19.7249
0.00230521
19.7273
0.00229371
19.7297
0.00228227
19.732
0.00227089
19.7343
0.00225956
19.7367
0.00224829
19.739
0.00223708
19.7413
0.00222592
19.7436
0.00221482
19.7458
0.00220377
19.7481
0.00219278
19.7504
0.00218184
19.7526
0.00217096
19.7548
0.00216013
19.7571
0.00214936
19.7593
0.00213864
19.7615
0.00212797
19.7637
0.00211736
19.7658
0.0021068
19.768
0.00209629
19.7701
0.00208584
19.7723
0.00207543
19.7744
0.00206508
19.7765
0.00205478
19.7787
0.00204453
19.7808
0.00203434
19.7829
0.00202419
19.7849
0.0020141
19.787
0.00200405
19.7891
0.00199405
19.7911
0.00198411
19.7932
0.00197421
19.7952
0.00196437
19.7972
0.00195457
19.7992
0.00194482
19.8012
0.00193512
19.8032
0.00192547
19.8052
0.00191587
19.8071
0.00190631
19.8091
0.0018968
19.8111
0.00188734
19.813
0.00187793
19.8149
0.00186856
19.8168
0.00185924
19.8188
0.00184997
19.8207
0.00184074
19.8226
0.00183156
19.8244
0.00182243
19.8263
0.00181334
19.8282
0.0018043
19.83
0.0017953
19.8319
0.00178634
19.8337
0.00177743
19.8355
0.00176857
19.8374
0.00175975
19.8392
0.00175097
19.841
0.00174224
19.8427
0.00173355
19.8445
0.0017249
19.8463
0.0017163
19.8481
0.00170774
19.8498
0.00169922
19.8516
0.00169075
19.8533
0.00168231
19.855
0.00167392
19.8568
0.00166557
19.8585
0.00165727
19.8602
0.001649
19.8619
0.00164078
19.8636
0.00163259
19.8652
0.00162445
19.8669
0.00161635
19.8686
0.00160829
19.8702
0.00160027
19.8719
0.00159229
19.8735
0.00158434
19.8751
0.00157644
19.8767
0.00156858
19.8784
0.00156076
19.88
0.00155297
19.8816
0.00154523
19.8831
0.00153752
19.8847
0.00152985
19.8863
0.00152222
19.8879
0.00151463
19.8894
0.00150707
19.891
0.00149956
19.8925
0.00149208
19.894
0.00148464
19.8956
0.00147723
19.8971
0.00146986
19.8986
0.00146253
19.9001
0.00145524
19.9016
0.00144798
19.9031
0.00144076
19.9046
0.00143357
19.906
0.00142642
19.9075
0.00141931
19.909
0.00141223
19.9104
0.00140519
19.9119
0.00139818
19.9133
0.0013912
19.9147
0.00138427
19.9162
0.00137736
19.9176
0.00137049
19.919
0.00136366
19.9204
0.00135686
19.9218
0.00135009
19.9232
0.00134335
19.9245
0.00133665
19.9259
0.00132999
19.9273
0.00132336
19.9286
0.00131675
19.93
0.00131019
19.9313
0.00130365
19.9327
0.00129715
19.934
0.00129068
19.9353
0.00128424
19.9367
0.00127784
19.938
0.00127147
19.9393
0.00126512
19.9406
0.00125881
19.9419
0.00125254
19.9432
0.00124629
19.9444
0.00124007
19.9457
0.00123389
19.947
0.00122773
19.9482
0.00122161
19.9495
0.00121552
19.9508
0.00120946
19.952
0.00120342
19.9532
0.00119742
19.9545
0.00119145
19.9557
0.00118551
19.9569
0.00117959
19.9581
0.00117371
19.9593
0.00116786
19.9605
0.00116203
19.9617
0.00115624
19.9629
0.00115047
19.9641
0.00114473
19.9653
0.00113902
19.9664
0.00113334
19.9676
0.00112769
19.9688
0.00112206
19.9699
0.00111647
19.9711
0.0011109
19.9722
0.00110536
19.9733
0.00109985
19.9745
0.00109436
19.9756
0.0010889
19.9767
0.00108347
19.9778
0.00107807
19.9789
0.00107269
19.98
0.00106734
19.9811
0.00106202
19.9822
0.00105672
19.9833
0.00105145
19.9844
0.00104621
19.9855
0.00104099
19.9865
0.0010358
19.9876
0.00103063
19.9887
0.00102549
19.9897
0.00102037
19.9908
0.00101529
19.9918
0.00101022
19.9929
0.00100518
19.9939
0.00100017
19.9949
0.000995182
19.9959
0.000990218
19.997
0.00098528
19.998
0.000980366
19.999
0.000975476
20
0.000970611
20.001
0.00096577
0
0.000960953
0
0.00095616
0
0.000951391
0
0.000946646
0
0.000941925
0
0.000937227
0
0.000932553
0
0.000927901
0
0.000923273
0
0.000918669
0
0.000914087
0
0.000909528
0
0.000904991
0
0.000900478
0
0.000895987
0
0.100892
0
0.100388
0
0.0998876
0
0.0993894
0
0.0988937
0.100748
0.0984005
0.200993
0.0979097
0.300739
0.0974214
0.399987
0.0969355
0.49874
0.096452
0.597
0.095971
0.694771
0.0954923
0.792053
0.0950161
0.888851
0.0945422
0.985166
0.0940706
1.081
0.0936014
1.17636
0.0931346
1.27124
0.0926701
1.36564
0.0922079
1.45958
0.091748
1.55305
0.0912904
1.64605
0.0908351
1.73859
0.0903821
1.83067
0.0899313
1.92228
0.0894827
2.01344
0.0890365
2.10415
0.0885924
2.1944
0.0881505
2.28421
0.0877109
2.37356
0.0872734
2.46247
0.0868381
2.55094
0.086405
2.63896
0.0859741
2.72655
0.0855453
2.8137
0.0851186
2.90041
0.0846941
2.9867
0.0842717
3.07255
0.0838514
3.15797
0.0834332
3.24297
0.083017
3.32754
0.082603
3.41169
0.082191
3.49543
0.0817811
3.57874
0.0813732
3.66164
0.0809673
3.74412
0.0805635
3.8262
0.0801617
3.90786
0.0797619
3.98912
0.0793641
4.06997
0.0789682
4.15042
0.0785744
4.23047
0.0781825
4.31012
0.0777926
4.38937
0.0774046
4.46822
0.0770185
4.54669
0.0766344
4.62476
0.0762522
4.70244
0.0758719
4.77973
0.0754934
4.85664
0.0751169
4.93317
0.0747423
5.00931
0.0743695
5.08508
0.0739986
5.16046
0.0736295
5.23547
0.0732623
5.31011
0.0728969
5.38437
0.0725333
5.45826
0.0721715
5.53179
0.0718116
5.60495
0.0714534
5.67774
0.0710971
5.75017
0.0707425
5.82224
0.0703896
5.89395
0.0700386
5.9653
0.0696892
6.0363
0.0693417
6.10694
0.0689958
6.17723
0.0686517
6.24717
0.0683093
6.31676
0.0679686
6.386
0.0676296
6.4549
0.0672923
6.52345
0.0669567
6.59166
0.0666227
6.65954
0.0662905
6.72707
0.0659598
6.79426
0.0656308
6.86113
0.0653035
6.92765
0.0649778
6.99385
0.0646537
7.05972
0.0643313
7.12525
0.0640104
7.19046
0.0636912
7.25535
0.0633735
7.31991
0.0630574
7.38415
0.0627429
7.44807
0.06243
7.51167
0.0621186
7.57495
0.0618088
7.63792
0.0615005
7.70058
0.0611938
7.76292
0.0608886
7.82495
0.0605849
7.88667
0.0602827
7.94808
0.0599821
8.00919
0.0596829
8.06999
0.0593852
8.13049
0.0590891
8.19068
0.0587944
8.25058
0.0585011
8.31018
0.0582093
8.36948
0.057919
8.42849
0.0576301
8.4872
0.0573427
8.54561
0.0570567
8.60374
0.0567721
8.66158
0.056489
8.71913
0.0562073
8.77639
0.0559269
8.83336
0.055648
8.89005
0.0553704
8.94646
0.0550943
9.00259
0.0548195
9.05844
0.0545461
9.114
0.054274
9.1693
0.0540033
9.22431
0.053734
9.27905
0.053466
9.33352
0.0531993
9.38772
0.052934
9.44165
0.05267
9.4953
0.0524073
9.54869
0.0521459
9.60182
0.0518858
9.65468
0.0516271
9.70727
0.0513696
9.7596
0.0511134
9.81167
0.0508584
9.86349
0.0506048
9.91504
0.0503524
9.96634
0.0501012
10.0174
0.0498514
10.0682
0.0496027
10.1187
0.0493553
10.169
0.0491092
10.219
0.0488642
10.2688
0.0486205
10.3183
0.048378
10.3676
0.0481367
10.4166
0.0478967
10.4654
0.0476578
10.514
0.0474201
10.5623
0.0471836
10.6104
0.0469482
10.6582
0.0467141
10.7058
0.0464811
10.7531
0.0462493
10.8003
0.0460186
10.8471
0.0457891
10.8938
0.0455607
10.9402
0.0453335
10.9864
0.0451074
11.0323
0.0448824
11.0781
0.0446586
11.1236
0.0444358
11.1688
0.0442142
11.2139
0.0439937
11.2587
0.0437743
11.3033
0.0435559
11.3477
0.0433387
11.3918
0.0431225
11.4357
0.0429075
11.4794
0.0426935
11.5229
0.0424805
11.5662
0.0422687
11.6093
0.0420578
11.6521
0.0418481
11.6948
0.0416394
11.7372
0.0414317
11.7794
0.041225
11.8214
0.0410194
11.8632
0.0408148
11.9048
0.0406113
11.9461
0.0404087
11.9873
0.0402072
12.0283
0.0400067
12.069
0.0398071
12.1096
0.0396086
12.1499
0.039411
12.1901
0.0392145
12.23
0.0390189
12.2698
0.0388243
12.3093
0.0386306
12.3487
0.038438
12.3878
0.0382463
12.4268
0.0380555
12.4656
0.0378657
12.5041
0.0376769
12.5425
0.0374889
12.5807
0.037302
12.6187
0.0371159
12.6565
0.0369308
12.6942
0.0367466
12.7316
0.0365633
12.7688
0.036381
12.8059
0.0361995
12.8428
0.036019
12.8795
0.0358393
12.916
0.0356606
12.9523
0.0354827
12.9885
0.0353058
13.0244
0.0351297
13.0602
0.0349545
13.0958
0.0347801
13.1313
0.0346066
13.1665
0.034434
13.2016
0.0342623
13.2365
0.0340914
13.2712
0.0339214
13.3058
0.0337522
13.3402
0.0335839
13.3744
0.0334164
13.4084
0.0332497
13.4423
0.0330839
13.476
0.0329189
13.5095
0.0327547
13.5429
0.0325913
13.5761
0.0324288
13.6091
0.032267
13.642
0.0321061
13.6747
0.031946
13.7073
0.0317866
13.7397
0.0316281
13.7719
0.0314704
13.8039
0.0313134
13.8358
0.0311572
13.8676
0.0310018
13.8992
0.0308472
13.9306
0.0306933
13.9619
0.0305403
13.993
0.0303879
14.0239
0.0302364
14.0547
0.0300856
14.0854
0.0299355
14.1159
0.0297862
14.1462
0.0296377
14.1764
0.0294898
14.2065
0.0293428
14.2364
0.0291964
14.2661
0.0290508
14.2957
0.0289059
14.3251
0.0287617
14.3544
0.0286183
14.3836
0.0284756
14.4126
0.0283335
14.4415
0.0281922
14.4702
0.0280516
14.4988
0.0279117
14.5272
0.0277725
14.5555
0.027634
14.5836
0.0274961
14.6117
0.027359
14.6395
0.0272226
14.6673
0.0270868
14.6949
0.0269517
14.7223
0.0268173
14.7496
0.0266835
14.7768
0.0265504
14.8039
0.026418
14.8308
0.0262862
14.8576
0.0261551
14.8842
0.0260247
14.9107
0.0258949
14.9371
0.0257657
14.9633
0.0256372
14.9895
0.0255094
15.0155
0.0253821
15.0413
0.0252555
15.067
0.0251296
15.0926
0.0250043
15.1181
0.0248795
15.1435
0.0247555
15.1687
0.024632
15.1938
0.0245091
15.2187
0.0243869
15.2436
0.0242653
15.2683
0.0241442
15.2929
0.0240238
15.3174
0.023904
15.3417
0.0237848
15.366
0.0236662
15.3901
0.0235481
15.4141
0.0234307
15.4379
0.0233138
15.4617
0.0231975
15.4853
0.0230818
15.5088
0.0229667
15.5322
0.0228522
15.5555
0.0227382
15.5787
0.0226248
15.6017
0.0225119
15.6247
0.0223997
15.6475
0.0222879
15.6702
0.0221768
15.6928
0.0220662
15.7153
0.0219561
15.7376
0.0218466
15.7599
0.0217377
15.782
0.0216292
15.8041
0.0215214
15.826
0.021414
15.8478
0.0213072
15.8695
0.0212009
15.8911
0.0210952
15.9126
0.02099
15.934
0.0208853
15.9553
0.0207811
15.9764
0.0206775
15.9975
0.0205744
16.0184
0.0204717
16.0393
0.0203696
16.0601
0.0202681
16.0807
0.020167
16.1012
0.0200664
16.1217
0.0199663
16.142
0.0198667
16.1623
0.0197676
16.1824
0.019669
16.2024
0.0195709
16.2224
0.0194733
16.2422
0.0193762
16.262
0.0192796
16.2816
0.0191834
16.3011
0.0190877
16.3206
0.0189925
16.3399
0.0188978
16.3592
0.0188036
16.3783
0.0187098
16.3974
0.0186165
16.4164
0.0185236
16.4352
0.0184312
16.454
0.0183393
16.4727
0.0182478
16.4913
0.0181568
16.5098
0.0180663
16.5282
0.0179761
16.5465
0.0178865
16.5647
0.0177973
16.5829
0.0177085
16.6009
0.0176202
16.6189
0.0175323
16.6367
0.0174449
16.6545
0.0173579
16.6722
0.0172713
16.6898
0.0171852
16.7073
0.0170994
16.7247
0.0170142
16.742
0.0169293
16.7593
0.0168449
16.7764
0.0167609
16.7935
0.0166773
16.8105
0.0165941
16.8274
0.0165113
16.8442
0.016429
16.861
0.016347
16.8776
0.0162655
16.8942
0.0161844
16.9107
0.0161036
16.9271
0.0160233
16.9434
0.0159434
16.9596
0.0158639
16.9758
0.0157848
16.9919
0.015706
17.0079
0.0156277
17.0238
0.0155498
17.0397
0.0154722
17.0554
0.015395
17.0711
0.0153183
17.0867
0.0152419
17.1022
0.0151658
17.1177
0.0150902
17.1331
0.0150149
17.1483
0.0149401
17.1636
0.0148655
17.1787
0.0147914
17.1938
0.0147176
17.2088
0.0146442
17.2237
0.0145712
17.2385
0.0144985
17.2533
0.0144262
17.268
0.0143542
17.2826
0.0142827
17.2972
0.0142114
17.3117
0.0141405
17.3261
0.01407
17.3404
0.0139998
17.3547
0.01393
17.3689
0.0138605
17.383
0.0137914
17.397
0.0137226
17.411
0.0136542
17.4249
0.0135861
17.4388
0.0135183
17.4525
0.0134509
17.4662
0.0133838
17.4799
0.0133171
17.4934
0.0132506
17.5069
0.0131846
17.5204
0.0131188
17.5337
0.0130534
17.547
0.0129883
17.5603
0.0129235
17.5734
0.012859
17.5865
0.0127949
17.5996
0.0127311
17.6125
0.0126676
17.6254
0.0126044
17.6383
0.0125415
17.651
0.012479
17.6638
0.0124167
17.6764
0.0123548
17.689
0.0122932
17.7015
0.0122319
17.714
0.0121709
17.7264
0.0121102
17.7387
0.0120498
17.751
0.0119897
17.7632
0.0119299
17.7754
0.0118704
17.7875
0.0118112
17.7995
0.0117523
17.8115
0.0116936
17.8234
0.0116353
17.8352
0.0115773
17.847
0.0115196
17.8588
0.0114621
17.8704
0.0114049
17.8821
0.011348
17.8936
0.0112915
17.9051
0.0112351
17.9166
0.0111791
17.9279
0.0111233
17.9393
0.0110679
17.9506
0.0110127
17.9618
0.0109577
17.9729
0.0109031
17.984
0.0108487
17.9951
0.0107946
18.0061
0.0107408
18.017
0.0106872
18.0279
0.0106339
18.0388
0.0105809
18.0495
0.0105281
18.0603
0.0104756
18.0709
0.0104233
18.0816
0.0103713
18.0921
0.0103196
18.1026
0.0102681
18.1131
0.0102169
18.1235
0.010166
18.1339
0.0101153
18.1442
0.0100648
18.1544
0.0100146
18.1646
0.00996467
18.1748
0.00991497
18.1849
0.00986552
18.1949
0.00981632
18.2049
0.00976736
18.2149
0.00971864
18.2248
0.00967017
18.2346
0.00962194
18.2444
0.00957395
18.2542
0.0095262
18.2639
0.00947869
18.2735
0.00943141
18.2832
0.00938437
18.2927
0.00933757
18.3022
0.009291
18.3117
0.00924466
18.3211
0.00919855
18.3305
0.00915267
18.3398
0.00910702
18.3491
0.0090616
18.3583
0.00901641
18.3675
0.00897144
18.3766
0.00892669
18.3857
0.00888217
18.3948
0.00883787
18.4038
0.00879379
18.4127
0.00874993
18.4217
0.00870629
18.4305
0.00866287
18.4394
0.00861966
18.4481
0.00857667
18.4569
0.00853389
18.4656
0.00849133
18.4742
0.00844898
18.4828
0.00840684
18.4914
0.00836491
18.4999
0.00832319
18.5084
0.00828168
18.5168
0.00824038
18.5252
0.00819928
18.5336
0.00815838
18.5419
0.00811769
18.5502
0.0080772
18.5584
0.00803692
18.5666
0.00799684
18.5747
0.00795695
18.5828
0.00791727
18.5909
0.00787778
18.5989
0.00783849
18.6069
0.00779939
18.6148
0.00776049
18.6228
0.00772179
18.6306
0.00768327
18.6384
0.00764495
18.6462
0.00760682
18.654
0.00756889
18.6617
0.00753114
18.6694
0.00749357
18.677
0.0074562
18.6846
0.00741901
18.6922
0.00738201
18.6997
0.00734519
18.7072
0.00730856
18.7146
0.00727211
18.722
0.00723584
18.7294
0.00719975
18.7367
0.00716384
18.744
0.00712811
18.7513
0.00709256
18.7585
0.00705718
18.7657
0.00702198
18.7728
0.00698696
18.78
0.00695211
18.787
0.00691744
18.7941
0.00688294
18.8011
0.00684861
18.8081
0.00681445
18.815
0.00678047
18.8219
0.00674665
18.8288
0.006713
18.8356
0.00667952
18.8424
0.0066462
18.8492
0.00661306
18.856
0.00658007
18.8627
0.00654725
18.8693
0.0065146
18.876
0.00648211
18.8826
0.00644978
18.8891
0.00641761
18.8957
0.0063856
18.9022
0.00635375
18.9087
0.00632206
18.9151
0.00629053
18.9215
0.00625916
18.9279
0.00622794
18.9342
0.00619688
18.9405
0.00616597
18.9468
0.00613522
18.9531
0.00610462
18.9593
0.00607417
18.9655
0.00604388
18.9716
0.00601373
18.9778
0.00598374
18.9839
0.0059539
18.9899
0.0059242
18.996
0.00589465
19.002
0.00586525
19.0079
0.005836
19.0139
0.00580689
19.0198
0.00577793
19.0257
0.00574911
19.0315
0.00572044
19.0374
0.00569191
19.0432
0.00566352
19.0489
0.00563527
19.0547
0.00560717
19.0604
0.0055792
19.0661
0.00555138
19.0717
0.00552369
19.0774
0.00549614
19.083
0.00546873
19.0885
0.00544145
19.0941
0.00541431
19.0996
0.00538731
19.1051
0.00536044
19.1105
0.0053337
19.116
0.0053071
19.1214
0.00528063
19.1268
0.0052543
19.1321
0.00522809
19.1374
0.00520201
19.1427
0.00517607
19.148
0.00515025
19.1533
0.00512457
19.1585
0.00509901
19.1637
0.00507358
19.1688
0.00504827
19.174
0.00502309
19.1791
0.00499804
19.1842
0.00497311
19.1893
0.00494831
19.1943
0.00492363
19.1993
0.00489907
19.2043
0.00487464
19.2093
0.00485033
19.2142
0.00482613
19.2191
0.00480206
19.224
0.00477811
19.2289
0.00475428
19.2337
0.00473057
19.2386
0.00470698
19.2433
0.0046835
19.2481
0.00466014
19.2529
0.0046369
19.2576
0.00461377
19.2623
0.00459076
19.267
0.00456786
19.2716
0.00454508
19.2763
0.00452241
19.2809
0.00449986
19.2854
0.00447741
19.29
0.00445508
19.2945
0.00443286
19.2991
0.00441075
19.3036
0.00438876
19.308
0.00436687
19.3125
0.00434509
19.3169
0.00432342
19.3213
0.00430185
19.3257
0.0042804
19.33
0.00425905
19.3344
0.00423781
19.3387
0.00421667
19.343
0.00419564
19.3473
0.00417471
19.3515
0.00415389
19.3558
0.00413317
19.36
0.00411256
19.3642
0.00409205
19.3683
0.00407164
19.3725
0.00405133
19.3766
0.00403113
19.3807
0.00401102
19.3848
0.00399102
19.3889
0.00397111
19.3929
0.0039513
19.3969
0.0039316
19.4009
0.00391199
19.4049
0.00389248
19.4089
0.00387306
19.4128
0.00385375
19.4168
0.00383453
19.4207
0.0038154
19.4246
0.00379637
19.4284
0.00377744
19.4323
0.0037586
19.4361
0.00373985
19.4399
0.0037212
19.4437
0.00370264
19.4475
0.00368417
19.4512
0.0036658
19.455
0.00364751
19.4587
0.00362932
19.4624
0.00361122
19.4661
0.00359321
19.4697
0.00357529
19.4734
0.00355746
19.477
0.00353971
19.4806
0.00352206
19.4842
0.00350449
19.4877
0.00348701
19.4913
0.00346962
19.4948
0.00345232
19.4983
0.0034351
19.5018
0.00341797
19.5053
0.00340092
19.5088
0.00338396
19.5122
0.00336708
19.5157
0.00335029
19.5191
0.00333358
19.5225
0.00331695
19.5259
0.00330041
19.5292
0.00328395
19.5326
0.00326757
19.5359
0.00325127
19.5392
0.00323505
19.5425
0.00321892
19.5458
0.00320287
19.549
0.00318689
19.5523
0.003171
19.5555
0.00315518
19.5587
0.00313944
19.5619
0.00312379
19.5651
0.00310821
19.5683
0.0030927
19.5714
0.00307728
19.5746
0.00306193
19.5777
0.00304666
19.5808
0.00303146
19.5839
0.00301635
19.587
0.0030013
19.59
0.00298633
19.5931
0.00297144
19.5961
0.00295662
19.5991
0.00294187
19.6021
0.0029272
19.6051
0.0029126
19.608
0.00289807
19.611
0.00288362
19.6139
0.00286924
19.6169
0.00285493
19.6198
0.00284069
19.6227
0.00282652
19.6255
0.00281242
19.6284
0.00279839
19.6313
0.00278444
19.6341
0.00277055
19.6369
0.00275673
19.6397
0.00274298
19.6425
0.0027293
19.6453
0.00271569
19.6481
0.00270214
19.6508
0.00268867
19.6536
0.00267526
19.6563
0.00266192
19.659
0.00264864
19.6617
0.00263543
19.6644
0.00262228
19.667
0.00260921
19.6697
0.00259619
19.6723
0.00258324
19.675
0.00257036
19.6776
0.00255754
19.6802
0.00254478
19.6828
0.00253209
19.6854
0.00251946
19.6879
0.0025069
19.6905
0.00249439
19.693
0.00248195
19.6956
0.00246957
19.6981
0.00245726
19.7006
0.002445
19.7031
0.00243281
19.7056
0.00242067
19.708
0.0024086
19.7105
0.00239659
19.7129
0.00238463
19.7153
0.00237274
19.7178
0.00236091
19.7202
0.00234913
19.7226
0.00233742
19.7249
0.00232576
19.7273
0.00231416
19.7297
0.00230262
19.732
0.00229113
19.7343
0.0022797
19.7367
0.00226833
19.739
0.00225702
19.7413
0.00224576
19.7436
0.00223456
19.7458
0.00222342
19.7481
0.00221233
19.7504
0.0022013
19.7526
0.00219032
19.7548
0.00217939
19.7571
0.00216852
19.7593
0.00215771
19.7615
0.00214694
19.7637
0.00213624
19.7658
0.00212558
19.768
0.00211498
19.7701
0.00210443
19.7723
0.00209394
19.7744
0.00208349
19.7765
0.0020731
19.7787
0.00206276
19.7808
0.00205247
19.7829
0.00204224
19.7849
0.00203205
19.787
0.00202192
19.7891
0.00201183
19.7911
0.0020018
19.7932
0.00199181
19.7952
0.00198188
19.7972
0.001972
19.7992
0.00196216
19.8012
0.00195237
19.8032
0.00194264
19.8052
0.00193295
19.8071
0.00192331
19.8091
0.00191371
19.8111
0.00190417
19.813
0.00189467
19.8149
0.00188522
19.8168
0.00187582
19.8188
0.00186646
19.8207
0.00185716
19.8226
0.00184789
19.8244
0.00183868
19.8263
0.00182951
19.8282
0.00182038
19.83
0.0018113
19.8319
0.00180227
19.8337
0.00179328
19.8355
0.00178434
19.8374
0.00177544
19.8392
0.00176658
19.841
0.00175777
19.8427
0.001749
19.8445
0.00174028
19.8463
0.0017316
19.8481
0.00172296
19.8498
0.00171437
19.8516
0.00170582
19.8533
0.00169731
19.855
0.00168885
19.8568
0.00168042
19.8585
0.00167204
19.8602
0.0016637
19.8619
0.00165541
19.8636
0.00164715
19.8652
0.00163893
19.8669
0.00163076
19.8686
0.00162263
19.8702
0.00161453
19.8719
0.00160648
19.8735
0.00159847
19.8751
0.0015905
19.8767
0.00158256
19.8784
0.00157467
19.88
0.00156682
19.8816
0.001559
19.8831
0.00155123
19.8847
0.00154349
19.8863
0.00153579
19.8879
0.00152813
19.8894
0.00152051
19.891
0.00151293
19.8925
0.00150538
19.894
0.00149787
19.8956
0.0014904
19.8971
0.00148297
19.8986
0.00147557
19.9001
0.00146821
19.9016
0.00146089
19.9031
0.0014536
19.9046
0.00144635
19.906
0.00143914
19.9075
0.00143196
19.909
0.00142482
19.9104
0.00141771
19.9119
0.00141064
19.9133
0.00140361
19.9147
0.00139661
19.9162
0.00138964
19.9176
0.00138271
19.919
0.00137581
19.9204
0.00136895
19.9218
0.00136212
19.9232
0.00135533
19.9245
0.00134857
19.9259
0.00134185
19.9273
0.00133515
19.9286
0.00132849
19.93
0.00132187
19.9313
0.00131528
19.9327
0.00130872
19.934
0.00130219
19.9353
0.00129569
19.9367
0.00128923
19.938
0.0012828
19.9393
0.0012764
19.9406
0.00127004
19.9419
0.0012637
19.9432
0.0012574
19.9444
0.00125113
19.9457
0.00124489
19.947
0.00123868
19.9482
0.0012325
19.9495
0.00122635
19.9508
0.00122024
19.952
0.00121415
19.9532
0.0012081
19.9545
0.00120207
19.9557
0.00119608
19.9569
0.00119011
19.9581
0.00118417
19.9593
0.00117827
19.9605
0.00117239
19.9617
0.00116654
19.9629
0.00116073
19.9641
0.00115494
19.9653
0.00114918
19.9664
0.00114345
19.9676
0.00113774
19.9688
0.00113207
19.9699
0.00112642
19.9711
0.0011208
19.9722
0.00111521
19.9733
0.00110965
19.9745
0.00110412
19.9756
0.00109861
19.9767
0.00109313
19.9778
0.00108768
19.9789
0.00108225
19.98
0.00107686
19.9811
0.00107149
19.9822
0.00106614
19.9833
0.00106082
19.9844
0.00105553
19.9855
0.00105027
19.9865
0.00104503
19.9876
0.00103982
19.9887
0.00103463
19.9897
0.00102947
19.9908
0.00102434
19.9918
0.00101923
19.9929
0.00101414
19.9939
0.00100909
19.9949
0.00100405
19.9959
0.000999046
19.997
0.000994064
19.998
0.000989106
19.999
0.000984172
20
0.000979264
20.001
0.00097438
0
0.00096952
0
0.000964685
0
0.000959873
0
0.000955086
0
0.000950322
0
0.000945582
0
0.000940866
0
0.000936174
0
0.000931505
0
0.000926859
0
0.000922236
0
0.000917636
0
0.00091306
0
0.000908506
0
0.000903974
0
0.100899
0
0.100396
0
0.0998955
0
0.0993973
0
0.0989015
0.100748
0.0984082
0.200993
0.0979174
0.300739
0.0974291
0.399987
0.0969431
0.49874
0.0964596
0.597
0.0959785
0.694771
0.0954998
0.792053
0.0950235
0.888851
0.0945496
0.985166
0.094078
1.081
0.0936088
1.17636
0.0931419
1.27124
0.0926774
1.36564
0.0922152
1.45958
0.0917552
1.55305
0.0912976
1.64605
0.0908423
1.73859
0.0903892
1.83067
0.0899384
1.92228
0.0894898
2.01344
0.0890435
2.10415
0.0885994
2.1944
0.0881575
2.28421
0.0877178
2.37356
0.0872803
2.46247
0.086845
2.55094
0.0864118
2.63896
0.0859809
2.72655
0.085552
2.8137
0.0851253
2.90041
0.0847008
2.9867
0.0842783
3.07255
0.083858
3.15797
0.0834397
3.24297
0.0830236
3.32754
0.0826095
3.41169
0.0821975
3.49543
0.0817875
3.57874
0.0813796
3.66164
0.0809737
3.74412
0.0805699
3.8262
0.080168
3.90786
0.0797682
3.98912
0.0793703
4.06997
0.0789745
4.15042
0.0785806
4.23047
0.0781887
4.31012
0.0777987
4.38937
0.0774107
4.46822
0.0770246
4.54669
0.0766404
4.62476
0.0762582
4.70244
0.0758778
4.77973
0.0754994
4.85664
0.0751228
4.93317
0.0747482
5.00931
0.0743754
5.08508
0.0740044
5.16046
0.0736353
5.23547
0.0732681
5.31011
0.0729026
5.38437
0.072539
5.45826
0.0721772
5.53179
0.0718172
5.60495
0.0714591
5.67774
0.0711027
5.75017
0.070748
5.82224
0.0703952
5.89395
0.0700441
5.9653
0.0696947
6.0363
0.0693471
6.10694
0.0690013
6.17723
0.0686571
6.24717
0.0683147
6.31676
0.067974
6.386
0.0676349
6.4549
0.0672976
6.52345
0.066962
6.59166
0.066628
6.65954
0.0662957
6.72707
0.065965
6.79426
0.065636
6.86113
0.0653087
6.92765
0.0649829
6.99385
0.0646588
7.05972
0.0643363
7.12525
0.0640155
7.19046
0.0636962
7.25535
0.0633785
7.31991
0.0630624
7.38415
0.0627479
7.44807
0.0624349
7.51167
0.0621235
7.57495
0.0618137
7.63792
0.0615054
7.70058
0.0611986
7.76292
0.0608934
7.82495
0.0605897
7.88667
0.0602875
7.94808
0.0599868
8.00919
0.0596876
8.06999
0.0593899
8.13049
0.0590937
8.19068
0.058799
8.25058
0.0585057
8.31018
0.0582139
8.36948
0.0579236
8.42849
0.0576347
8.4872
0.0573472
8.54561
0.0570612
8.60374
0.0567766
8.66158
0.0564934
8.71913
0.0562117
8.77639
0.0559313
8.83336
0.0556524
8.89005
0.0553748
8.94646
0.0550986
9.00259
0.0548238
9.05844
0.0545504
9.114
0.0542783
9.1693
0.0540076
9.22431
0.0537382
9.27905
0.0534702
9.33352
0.0532035
9.38772
0.0529382
9.44165
0.0526741
9.4953
0.0524114
9.54869
0.05215
9.60182
0.0518899
9.65468
0.0516311
9.70727
0.0513736
9.7596
0.0511174
9.81167
0.0508624
9.86349
0.0506088
9.91504
0.0503563
9.96634
0.0501052
10.0174
0.0498553
10.0682
0.0496066
10.1187
0.0493592
10.169
0.049113
10.219
0.0488681
10.2688
0.0486244
10.3183
0.0483818
10.3676
0.0481405
10.4166
0.0479004
10.4654
0.0476615
10.514
0.0474238
10.5623
0.0471873
10.6104
0.0469519
10.6582
0.0467178
10.7058
0.0464848
10.7531
0.0462529
10.8003
0.0460222
10.8471
0.0457927
10.8938
0.0455643
10.9402
0.0453371
10.9864
0.0451109
11.0323
0.0448859
11.0781
0.0446621
11.1236
0.0444393
11.1688
0.0442177
11.2139
0.0439971
11.2587
0.0437777
11.3033
0.0435594
11.3477
0.0433421
11.3918
0.0431259
11.4357
0.0429108
11.4794
0.0426968
11.5229
0.0424839
11.5662
0.042272
11.6093
0.0420612
11.6521
0.0418514
11.6948
0.0416426
11.7372
0.0414349
11.7794
0.0412283
11.8214
0.0410227
11.8632
0.0408181
11.9048
0.0406145
11.9461
0.0404119
11.9873
0.0402104
12.0283
0.0400098
12.069
0.0398103
12.1096
0.0396117
12.1499
0.0394141
12.1901
0.0392176
12.23
0.039022
12.2698
0.0388273
12.3093
0.0386337
12.3487
0.038441
12.3878
0.0382493
12.4268
0.0380585
12.4656
0.0378687
12.5041
0.0376798
12.5425
0.0374919
12.5807
0.0373049
12.6187
0.0371188
12.6565
0.0369337
12.6942
0.0367495
12.7316
0.0365662
12.7688
0.0363838
12.8059
0.0362024
12.8428
0.0360218
12.8795
0.0358422
12.916
0.0356634
12.9523
0.0354855
12.9885
0.0353085
13.0244
0.0351324
13.0602
0.0349572
13.0958
0.0347829
13.1313
0.0346094
13.1665
0.0344368
13.2016
0.034265
13.2365
0.0340941
13.2712
0.0339241
13.3058
0.0337549
13.3402
0.0335865
13.3744
0.033419
13.4084
0.0332523
13.4423
0.0330865
13.476
0.0329215
13.5095
0.0327573
13.5429
0.0325939
13.5761
0.0324313
13.6091
0.0322696
13.642
0.0321086
13.6747
0.0319485
13.7073
0.0317891
13.7397
0.0316306
13.7719
0.0314728
13.8039
0.0313159
13.8358
0.0311597
13.8676
0.0310043
13.8992
0.0308496
13.9306
0.0306958
13.9619
0.0305427
13.993
0.0303903
14.0239
0.0302388
14.0547
0.0300879
14.0854
0.0299379
14.1159
0.0297886
14.1462
0.02964
14.1764
0.0294922
14.2065
0.0293451
14.2364
0.0291987
14.2661
0.0290531
14.2957
0.0289082
14.3251
0.028764
14.3544
0.0286205
14.3836
0.0284778
14.4126
0.0283358
14.4415
0.0281944
14.4702
0.0280538
14.4988
0.0279139
14.5272
0.0277747
14.5555
0.0276361
14.5836
0.0274983
14.6117
0.0273612
14.6395
0.0272247
14.6673
0.0270889
14.6949
0.0269538
14.7223
0.0268194
14.7496
0.0266856
14.7768
0.0265525
14.8039
0.0264201
14.8308
0.0262883
14.8576
0.0261572
14.8842
0.0260267
14.9107
0.0258969
14.9371
0.0257678
14.9633
0.0256393
14.9895
0.0255114
15.0155
0.0253841
15.0413
0.0252575
15.067
0.0251316
15.0926
0.0250062
15.1181
0.0248815
15.1435
0.0247574
15.1687
0.0246339
15.1938
0.0245111
15.2187
0.0243888
15.2436
0.0242672
15.2683
0.0241461
15.2929
0.0240257
15.3174
0.0239059
15.3417
0.0237867
15.366
0.023668
15.3901
0.02355
15.4141
0.0234325
15.4379
0.0233156
15.4617
0.0231994
15.4853
0.0230837
15.5088
0.0229685
15.5322
0.022854
15.5555
0.02274
15.5787
0.0226266
15.6017
0.0225137
15.6247
0.0224014
15.6475
0.0222897
15.6702
0.0221785
15.6928
0.0220679
15.7153
0.0219578
15.7376
0.0218483
15.7599
0.0217394
15.782
0.0216309
15.8041
0.0215231
15.826
0.0214157
15.8478
0.0213089
15.8695
0.0212026
15.8911
0.0210969
15.9126
0.0209916
15.934
0.020887
15.9553
0.0207828
15.9764
0.0206791
15.9975
0.020576
16.0184
0.0204734
16.0393
0.0203713
16.0601
0.0202696
16.0807
0.0201686
16.1012
0.020068
16.1217
0.0199679
16.142
0.0198683
16.1623
0.0197692
16.1824
0.0196706
16.2024
0.0195725
16.2224
0.0194749
16.2422
0.0193777
16.262
0.0192811
16.2816
0.0191849
16.3011
0.0190892
16.3206
0.018994
16.3399
0.0188993
16.3592
0.018805
16.3783
0.0187112
16.3974
0.0186179
16.4164
0.0185251
16.4352
0.0184327
16.454
0.0183407
16.4727
0.0182493
16.4913
0.0181582
16.5098
0.0180677
16.5282
0.0179776
16.5465
0.0178879
16.5647
0.0177987
16.5829
0.0177099
16.6009
0.0176216
16.6189
0.0175337
16.6367
0.0174462
16.6545
0.0173592
16.6722
0.0172727
16.6898
0.0171865
16.7073
0.0171008
16.7247
0.0170155
16.742
0.0169306
16.7593
0.0168462
16.7764
0.0167622
16.7935
0.0166786
16.8105
0.0165954
16.8274
0.0165126
16.8442
0.0164303
16.861
0.0163483
16.8776
0.0162668
16.8942
0.0161856
16.9107
0.0161049
16.9271
0.0160246
16.9434
0.0159447
16.9596
0.0158651
16.9758
0.015786
16.9919
0.0157073
17.0079
0.0156289
17.0238
0.015551
17.0397
0.0154734
17.0554
0.0153963
17.0711
0.0153195
17.0867
0.0152431
17.1022
0.015167
17.1177
0.0150914
17.1331
0.0150161
17.1483
0.0149412
17.1636
0.0148667
17.1787
0.0147926
17.1938
0.0147188
17.2088
0.0146454
17.2237
0.0145723
17.2385
0.0144997
17.2533
0.0144273
17.268
0.0143554
17.2826
0.0142838
17.2972
0.0142125
17.3117
0.0141417
17.3261
0.0140711
17.3404
0.0140009
17.3547
0.0139311
17.3689
0.0138616
17.383
0.0137925
17.397
0.0137237
17.411
0.0136553
17.4249
0.0135872
17.4388
0.0135194
17.4525
0.013452
17.4662
0.0133849
17.4799
0.0133181
17.4934
0.0132517
17.5069
0.0131856
17.5204
0.0131198
17.5337
0.0130544
17.547
0.0129893
17.5603
0.0129245
17.5734
0.01286
17.5865
0.0127959
17.5996
0.0127321
17.6125
0.0126686
17.6254
0.0126054
17.6383
0.0125425
17.651
0.01248
17.6638
0.0124177
17.6764
0.0123558
17.689
0.0122942
17.7015
0.0122328
17.714
0.0121718
17.7264
0.0121111
17.7387
0.0120507
17.751
0.0119906
17.7632
0.0119308
17.7754
0.0118713
17.7875
0.0118121
17.7995
0.0117532
17.8115
0.0116946
17.8234
0.0116362
17.8352
0.0115782
17.847
0.0115205
17.8588
0.011463
17.8704
0.0114058
17.8821
0.0113489
17.8936
0.0112923
17.9051
0.011236
17.9166
0.01118
17.9279
0.0111242
17.9393
0.0110687
17.9506
0.0110135
17.9618
0.0109586
17.9729
0.0109039
17.984
0.0108496
17.9951
0.0107954
18.0061
0.0107416
18.017
0.010688
18.0279
0.0106347
18.0388
0.0105817
18.0495
0.0105289
18.0603
0.0104764
18.0709
0.0104241
18.0816
0.0103722
18.0921
0.0103204
18.1026
0.0102689
18.1131
0.0102177
18.1235
0.0101668
18.1339
0.0101161
18.1442
0.0100656
18.1544
0.0100154
18.1646
0.00996546
18.1748
0.00991575
18.1849
0.0098663
18.1949
0.00981709
18.2049
0.00976813
18.2149
0.00971941
18.2248
0.00967093
18.2346
0.0096227
18.2444
0.0095747
18.2542
0.00952695
18.2639
0.00947943
18.2735
0.00943216
18.2832
0.00938511
18.2927
0.0093383
18.3022
0.00929173
18.3117
0.00924539
18.3211
0.00919927
18.3305
0.00915339
18.3398
0.00910774
18.3491
0.00906232
18.3583
0.00901712
18.3675
0.00897214
18.3766
0.00892739
18.3857
0.00888287
18.3948
0.00883857
18.4038
0.00879448
18.4127
0.00875062
18.4217
0.00870698
18.4305
0.00866355
18.4394
0.00862034
18.4481
0.00857735
18.4569
0.00853457
18.4656
0.008492
18.4742
0.00844965
18.4828
0.0084075
18.4914
0.00836557
18.4999
0.00832385
18.5084
0.00828233
18.5168
0.00824102
18.5252
0.00819992
18.5336
0.00815902
18.5419
0.00811833
18.5502
0.00807784
18.5584
0.00803755
18.5666
0.00799747
18.5747
0.00795758
18.5828
0.00791789
18.5909
0.0078784
18.5989
0.0078391
18.6069
0.00780001
18.6148
0.0077611
18.6228
0.0077224
18.6306
0.00768388
18.6384
0.00764556
18.6462
0.00760742
18.654
0.00756948
18.6617
0.00753173
18.6694
0.00749416
18.677
0.00745679
18.6846
0.0074196
18.6922
0.00738259
18.6997
0.00734577
18.7072
0.00730913
18.7146
0.00727268
18.722
0.00723641
18.7294
0.00720031
18.7367
0.0071644
18.744
0.00712867
18.7513
0.00709312
18.7585
0.00705774
18.7657
0.00702254
18.7728
0.00698751
18.78
0.00695266
18.787
0.00691799
18.7941
0.00688348
18.8011
0.00684915
18.8081
0.00681499
18.815
0.006781
18.8219
0.00674718
18.8288
0.00671353
18.8356
0.00668004
18.8424
0.00664673
18.8492
0.00661358
18.856
0.00658059
18.8627
0.00654777
18.8693
0.00651511
18.876
0.00648262
18.8826
0.00645029
18.8891
0.00641812
18.8957
0.00638611
18.9022
0.00635425
18.9087
0.00632256
18.9151
0.00629103
18.9215
0.00625965
18.9279
0.00622843
18.9342
0.00619737
18.9405
0.00616646
18.9468
0.0061357
18.9531
0.0061051
18.9593
0.00607465
18.9655
0.00604435
18.9716
0.00601421
18.9778
0.00598421
18.9839
0.00595437
18.9899
0.00592467
18.996
0.00589512
19.002
0.00586572
19.0079
0.00583646
19.0139
0.00580735
19.0198
0.00577839
19.0257
0.00574957
19.0315
0.00572089
19.0374
0.00569236
19.0432
0.00566397
19.0489
0.00563572
19.0547
0.00560761
19.0604
0.00557964
19.0661
0.00555181
19.0717
0.00552412
19.0774
0.00549657
19.083
0.00546916
19.0885
0.00544188
19.0941
0.00541474
19.0996
0.00538773
19.1051
0.00536086
19.1105
0.00533412
19.116
0.00530752
19.1214
0.00528105
19.1268
0.00525471
19.1321
0.0052285
19.1374
0.00520242
19.1427
0.00517648
19.148
0.00515066
19.1533
0.00512497
19.1585
0.00509941
19.1637
0.00507398
19.1688
0.00504867
19.174
0.00502349
19.1791
0.00499843
19.1842
0.0049735
19.1893
0.0049487
19.1943
0.00492402
19.1993
0.00489946
19.2043
0.00487502
19.2093
0.00485071
19.2142
0.00482651
19.2191
0.00480244
19.224
0.00477849
19.2289
0.00475466
19.2337
0.00473094
19.2386
0.00470735
19.2433
0.00468387
19.2481
0.00466051
19.2529
0.00463726
19.2576
0.00461414
19.2623
0.00459112
19.267
0.00456822
19.2716
0.00454544
19.2763
0.00452277
19.2809
0.00450021
19.2854
0.00447777
19.29
0.00445543
19.2945
0.00443321
19.2991
0.0044111
19.3036
0.0043891
19.308
0.00436721
19.3125
0.00434543
19.3169
0.00432376
19.3213
0.00430219
19.3257
0.00428073
19.33
0.00425938
19.3344
0.00423814
19.3387
0.004217
19.343
0.00419597
19.3473
0.00417504
19.3515
0.00415422
19.3558
0.0041335
19.36
0.00411288
19.3642
0.00409237
19.3683
0.00407196
19.3725
0.00405165
19.3766
0.00403144
19.3807
0.00401134
19.3848
0.00399133
19.3889
0.00397142
19.3929
0.00395162
19.3969
0.00393191
19.4009
0.0039123
19.4049
0.00389278
19.4089
0.00387337
19.4128
0.00385405
19.4168
0.00383483
19.4207
0.0038157
19.4246
0.00379667
19.4284
0.00377774
19.4323
0.00375889
19.4361
0.00374015
19.4399
0.00372149
19.4437
0.00370293
19.4475
0.00368446
19.4512
0.00366609
19.455
0.0036478
19.4587
0.00362961
19.4624
0.00361151
19.4661
0.00359349
19.4697
0.00357557
19.4734
0.00355774
19.477
0.00353999
19.4806
0.00352234
19.4842
0.00350477
19.4877
0.00348729
19.4913
0.0034699
19.4948
0.00345259
19.4983
0.00343537
19.5018
0.00341824
19.5053
0.00340119
19.5088
0.00338422
19.5122
0.00336735
19.5157
0.00335055
19.5191
0.00333384
19.5225
0.00331721
19.5259
0.00330067
19.5292
0.00328421
19.5326
0.00326783
19.5359
0.00325153
19.5392
0.00323531
19.5425
0.00321917
19.5458
0.00320312
19.549
0.00318714
19.5523
0.00317125
19.5555
0.00315543
19.5587
0.00313969
19.5619
0.00312403
19.5651
0.00310845
19.5683
0.00309295
19.5714
0.00307752
19.5746
0.00306217
19.5777
0.0030469
19.5808
0.0030317
19.5839
0.00301658
19.587
0.00300154
19.59
0.00298657
19.5931
0.00297167
19.5961
0.00295685
19.5991
0.0029421
19.6021
0.00292743
19.6051
0.00291283
19.608
0.0028983
19.611
0.00288385
19.6139
0.00286946
19.6169
0.00285515
19.6198
0.00284091
19.6227
0.00282674
19.6255
0.00281264
19.6284
0.00279861
19.6313
0.00278466
19.6341
0.00277077
19.6369
0.00275695
19.6397
0.0027432
19.6425
0.00272952
19.6453
0.0027159
19.6481
0.00270236
19.6508
0.00268888
19.6536
0.00267547
19.6563
0.00266212
19.659
0.00264885
19.6617
0.00263564
19.6644
0.00262249
19.667
0.00260941
19.6697
0.0025964
19.6723
0.00258345
19.675
0.00257056
19.6776
0.00255774
19.6802
0.00254498
19.6828
0.00253229
19.6854
0.00251966
19.6879
0.00250709
19.6905
0.00249459
19.693
0.00248215
19.6956
0.00246977
19.6981
0.00245745
19.7006
0.00244519
19.7031
0.002433
19.7056
0.00242086
19.708
0.00240879
19.7105
0.00239678
19.7129
0.00238482
19.7153
0.00237293
19.7178
0.00236109
19.7202
0.00234932
19.7226
0.0023376
19.7249
0.00232594
19.7273
0.00231434
19.7297
0.0023028
19.732
0.00229131
19.7343
0.00227988
19.7367
0.00226851
19.739
0.0022572
19.7413
0.00224594
19.7436
0.00223474
19.7458
0.00222359
19.7481
0.0022125
19.7504
0.00220147
19.7526
0.00219049
19.7548
0.00217956
19.7571
0.00216869
19.7593
0.00215788
19.7615
0.00214711
19.7637
0.00213641
19.7658
0.00212575
19.768
0.00211515
19.7701
0.0021046
19.7723
0.0020941
19.7744
0.00208366
19.7765
0.00207326
19.7787
0.00206292
19.7808
0.00205264
19.7829
0.0020424
19.7849
0.00203221
19.787
0.00202208
19.7891
0.00201199
19.7911
0.00200196
19.7932
0.00199197
19.7952
0.00198204
19.7972
0.00197215
19.7992
0.00196231
19.8012
0.00195253
19.8032
0.00194279
19.8052
0.0019331
19.8071
0.00192346
19.8091
0.00191386
19.8111
0.00190432
19.813
0.00189482
19.8149
0.00188537
19.8168
0.00187597
19.8188
0.00186661
19.8207
0.0018573
19.8226
0.00184804
19.8244
0.00183882
19.8263
0.00182965
19.8282
0.00182052
19.83
0.00181144
19.8319
0.00180241
19.8337
0.00179342
19.8355
0.00178448
19.8374
0.00177558
19.8392
0.00176672
19.841
0.00175791
19.8427
0.00174914
19.8445
0.00174042
19.8463
0.00173174
19.8481
0.0017231
19.8498
0.00171451
19.8516
0.00170595
19.8533
0.00169745
19.855
0.00168898
19.8568
0.00168056
19.8585
0.00167217
19.8602
0.00166383
19.8619
0.00165554
19.8636
0.00164728
19.8652
0.00163906
19.8669
0.00163089
19.8686
0.00162275
19.8702
0.00161466
19.8719
0.00160661
19.8735
0.00159859
19.8751
0.00159062
19.8767
0.00158269
19.8784
0.00157479
19.88
0.00156694
19.8816
0.00155912
19.8831
0.00155135
19.8847
0.00154361
19.8863
0.00153591
19.8879
0.00152825
19.8894
0.00152063
19.891
0.00151305
19.8925
0.0015055
19.894
0.00149799
19.8956
0.00149052
19.8971
0.00148309
19.8986
0.00147569
19.9001
0.00146833
19.9016
0.00146101
19.9031
0.00145372
19.9046
0.00144647
19.906
0.00143925
19.9075
0.00143208
19.909
0.00142493
19.9104
0.00141783
19.9119
0.00141075
19.9133
0.00140372
19.9147
0.00139672
19.9162
0.00138975
19.9176
0.00138282
19.919
0.00137592
19.9204
0.00136906
19.9218
0.00136223
19.9232
0.00135544
19.9245
0.00134868
19.9259
0.00134195
19.9273
0.00133526
19.9286
0.0013286
19.93
0.00132197
19.9313
0.00131538
19.9327
0.00130882
19.934
0.00130229
19.9353
0.0012958
19.9367
0.00128933
19.938
0.0012829
19.9393
0.0012765
19.9406
0.00127014
19.9419
0.0012638
19.9432
0.0012575
19.9444
0.00125123
19.9457
0.00124499
19.947
0.00123878
19.9482
0.0012326
19.9495
0.00122645
19.9508
0.00122033
19.952
0.00121425
19.9532
0.00120819
19.9545
0.00120217
19.9557
0.00119617
19.9569
0.0011902
19.9581
0.00118427
19.9593
0.00117836
19.9605
0.00117248
19.9617
0.00116664
19.9629
0.00116082
19.9641
0.00115503
19.9653
0.00114927
19.9664
0.00114354
19.9676
0.00113783
19.9688
0.00113216
19.9699
0.00112651
19.9711
0.00112089
19.9722
0.0011153
19.9733
0.00110974
19.9745
0.0011042
19.9756
0.0010987
19.9767
0.00109322
19.9778
0.00108776
19.9789
0.00108234
19.98
0.00107694
19.9811
0.00107157
19.9822
0.00106623
19.9833
0.00106091
19.9844
0.00105562
19.9855
0.00105035
19.9865
0.00104511
19.9876
0.0010399
19.9887
0.00103471
19.9897
0.00102955
19.9908
0.00102442
19.9918
0.00101931
19.9929
0.00101422
19.9939
0.00100917
19.9949
0.00100413
19.9959
0.000999125
19.997
0.000994142
19.998
0.000989184
19.999
0.00098425
20
0.000979341
20.001
0.000974457
0
0.000969596
0
0.000964761
0
0.000959949
0
0.000955161
0
0.000950397
0
0.000945657
0
0.000940941
0
0.000936248
0
0.000931578
0
0.000926932
0
0.000922309
0
0.000917709
0
0.000913132
0
0.000908577
0
0.000904046
0
0.1009
0
0.100396
0
0.0998956
0
0.0993973
0
0.0989016
0.100748
0.0984083
0.200993
0.0979175
0.300739
0.0974291
0.399987
0.0969432
0.49874
0.0964597
0.597
0.0959786
0.694771
0.0954999
0.792053
0.0950236
0.888851
0.0945497
0.985166
0.0940781
1.081
0.0936089
1.17636
0.093142
1.27124
0.0926775
1.36564
0.0922152
1.45958
0.0917553
1.55305
0.0912977
1.64605
0.0908423
1.73859
0.0903892
1.83067
0.0899384
1.92228
0.0894899
2.01344
0.0890435
2.10415
0.0885994
2.1944
0.0881575
2.28421
0.0877178
2.37356
0.0872803
2.46247
0.086845
2.55094
0.0864119
2.63896
0.0859809
2.72655
0.0855521
2.8137
0.0851254
2.90041
0.0847008
2.9867
0.0842784
3.07255
0.083858
3.15797
0.0834398
3.24297
0.0830236
3.32754
0.0826096
3.41169
0.0821975
3.49543
0.0817876
3.57874
0.0813797
3.66164
0.0809738
3.74412
0.0805699
3.8262
0.0801681
3.90786
0.0797682
3.98912
0.0793704
4.06997
0.0789745
4.15042
0.0785806
4.23047
0.0781887
4.31012
0.0777987
4.38937
0.0774107
4.46822
0.0770246
4.54669
0.0766405
4.62476
0.0762582
4.70244
0.0758779
4.77973
0.0754994
4.85664
0.0751229
4.93317
0.0747482
5.00931
0.0743754
5.08508
0.0740045
5.16046
0.0736354
5.23547
0.0732681
5.31011
0.0729027
5.38437
0.0725391
5.45826
0.0721773
5.53179
0.0718173
5.60495
0.0714591
5.67774
0.0711027
5.75017
0.0707481
5.82224
0.0703952
5.89395
0.0700441
5.9653
0.0696948
6.0363
0.0693472
6.10694
0.0690013
6.17723
0.0686572
6.24717
0.0683147
6.31676
0.067974
6.386
0.067635
6.4549
0.0672977
6.52345
0.066962
6.59166
0.066628
6.65954
0.0662957
6.72707
0.0659651
6.79426
0.0656361
6.86113
0.0653087
6.92765
0.064983
6.99385
0.0646589
7.05972
0.0643364
7.12525
0.0640155
7.19046
0.0636962
7.25535
0.0633785
7.31991
0.0630624
7.38415
0.0627479
7.44807
0.062435
7.51167
0.0621236
7.57495
0.0618137
7.63792
0.0615054
7.70058
0.0611987
7.76292
0.0608934
7.82495
0.0605897
7.88667
0.0602875
7.94808
0.0599868
8.00919
0.0596877
8.06999
0.05939
8.13049
0.0590938
8.19068
0.058799
8.25058
0.0585058
8.31018
0.058214
8.36948
0.0579236
8.42849
0.0576347
8.4872
0.0573473
8.54561
0.0570613
8.60374
0.0567767
8.66158
0.0564935
8.71913
0.0562117
8.77639
0.0559314
8.83336
0.0556524
8.89005
0.0553748
8.94646
0.0550987
9.00259
0.0548239
9.05844
0.0545504
9.114
0.0542783
9.1693
0.0540076
9.22431
0.0537383
9.27905
0.0534702
9.33352
0.0532036
9.38772
0.0529382
9.44165
0.0526742
9.4953
0.0524115
9.54869
0.0521501
9.60182
0.05189
9.65468
0.0516312
9.70727
0.0513736
9.7596
0.0511174
9.81167
0.0508625
9.86349
0.0506088
9.91504
0.0503564
9.96634
0.0501052
10.0174
0.0498553
10.0682
0.0496067
10.1187
0.0493593
10.169
0.0491131
10.219
0.0488681
10.2688
0.0486244
10.3183
0.0483819
10.3676
0.0481406
10.4166
0.0479005
10.4654
0.0476616
10.514
0.0474239
10.5623
0.0471873
10.6104
0.046952
10.6582
0.0467178
10.7058
0.0464848
10.7531
0.046253
10.8003
0.0460223
10.8471
0.0457927
10.8938
0.0455643
10.9402
0.0453371
10.9864
0.045111
11.0323
0.044886
11.0781
0.0446621
11.1236
0.0444393
11.1688
0.0442177
11.2139
0.0439972
11.2587
0.0437777
11.3033
0.0435594
11.3477
0.0433421
11.3918
0.043126
11.4357
0.0429109
11.4794
0.0426969
11.5229
0.0424839
11.5662
0.042272
11.6093
0.0420612
11.6521
0.0418514
11.6948
0.0416427
11.7372
0.041435
11.7794
0.0412283
11.8214
0.0410227
11.8632
0.0408181
11.9048
0.0406145
11.9461
0.0404119
11.9873
0.0402104
12.0283
0.0400098
12.069
0.0398103
12.1096
0.0396117
12.1499
0.0394142
12.1901
0.0392176
12.23
0.039022
12.2698
0.0388274
12.3093
0.0386337
12.3487
0.038441
12.3878
0.0382493
12.4268
0.0380585
12.4656
0.0378687
12.5041
0.0376798
12.5425
0.0374919
12.5807
0.0373049
12.6187
0.0371189
12.6565
0.0369337
12.6942
0.0367495
12.7316
0.0365662
12.7688
0.0363839
12.8059
0.0362024
12.8428
0.0360218
12.8795
0.0358422
12.916
0.0356634
12.9523
0.0354855
12.9885
0.0353086
13.0244
0.0351325
13.0602
0.0349572
13.0958
0.0347829
13.1313
0.0346094
13.1665
0.0344368
13.2016
0.034265
13.2365
0.0340941
13.2712
0.0339241
13.3058
0.0337549
13.3402
0.0335865
13.3744
0.033419
13.4084
0.0332523
13.4423
0.0330865
13.476
0.0329215
13.5095
0.0327573
13.5429
0.0325939
13.5761
0.0324313
13.6091
0.0322696
13.642
0.0321086
13.6747
0.0319485
13.7073
0.0317892
13.7397
0.0316306
13.7719
0.0314729
13.8039
0.0313159
13.8358
0.0311597
13.8676
0.0310043
13.8992
0.0308496
13.9306
0.0306958
13.9619
0.0305427
13.993
0.0303904
14.0239
0.0302388
14.0547
0.030088
14.0854
0.0299379
14.1159
0.0297886
14.1462
0.02964
14.1764
0.0294922
14.2065
0.0293451
14.2364
0.0291987
14.2661
0.0290531
14.2957
0.0289082
14.3251
0.028764
14.3544
0.0286206
14.3836
0.0284778
14.4126
0.0283358
14.4415
0.0281945
14.4702
0.0280538
14.4988
0.0279139
14.5272
0.0277747
14.5555
0.0276362
14.5836
0.0274983
14.6117
0.0273612
14.6395
0.0272247
14.6673
0.0270889
14.6949
0.0269538
14.7223
0.0268194
14.7496
0.0266856
14.7768
0.0265525
14.8039
0.0264201
14.8308
0.0262883
14.8576
0.0261572
14.8842
0.0260268
14.9107
0.025897
14.9371
0.0257678
14.9633
0.0256393
14.9895
0.0255114
15.0155
0.0253842
15.0413
0.0252576
15.067
0.0251316
15.0926
0.0250062
15.1181
0.0248815
15.1435
0.0247574
15.1687
0.0246339
15.1938
0.0245111
15.2187
0.0243888
15.2436
0.0242672
15.2683
0.0241462
15.2929
0.0240257
15.3174
0.0239059
15.3417
0.0237867
15.366
0.023668
15.3901
0.02355
15.4141
0.0234325
15.4379
0.0233157
15.4617
0.0231994
15.4853
0.0230837
15.5088
0.0229685
15.5322
0.022854
15.5555
0.02274
15.5787
0.0226266
15.6017
0.0225137
15.6247
0.0224014
15.6475
0.0222897
15.6702
0.0221785
15.6928
0.0220679
15.7153
0.0219579
15.7376
0.0218483
15.7599
0.0217394
15.782
0.021631
15.8041
0.0215231
15.826
0.0214157
15.8478
0.0213089
15.8695
0.0212026
15.8911
0.0210969
15.9126
0.0209917
15.934
0.020887
15.9553
0.0207828
15.9764
0.0206791
15.9975
0.020576
16.0184
0.0204734
16.0393
0.0203713
16.0601
0.0202697
16.0807
0.0201686
16.1012
0.020068
16.1217
0.0199679
16.142
0.0198683
16.1623
0.0197692
16.1824
0.0196706
16.2024
0.0195725
16.2224
0.0194749
16.2422
0.0193777
16.262
0.0192811
16.2816
0.0191849
16.3011
0.0190892
16.3206
0.018994
16.3399
0.0188993
16.3592
0.018805
16.3783
0.0187113
16.3974
0.0186179
16.4164
0.0185251
16.4352
0.0184327
16.454
0.0183407
16.4727
0.0182493
16.4913
0.0181583
16.5098
0.0180677
16.5282
0.0179776
16.5465
0.0178879
16.5647
0.0177987
16.5829
0.0177099
16.6009
0.0176216
16.6189
0.0175337
16.6367
0.0174463
16.6545
0.0173592
16.6722
0.0172727
16.6898
0.0171865
16.7073
0.0171008
16.7247
0.0170155
16.742
0.0169306
16.7593
0.0168462
16.7764
0.0167622
16.7935
0.0166786
16.8105
0.0165954
16.8274
0.0165126
16.8442
0.0164303
16.861
0.0163483
16.8776
0.0162668
16.8942
0.0161857
16.9107
0.0161049
16.9271
0.0160246
16.9434
0.0159447
16.9596
0.0158652
16.9758
0.015786
16.9919
0.0157073
17.0079
0.015629
17.0238
0.015551
17.0397
0.0154734
17.0554
0.0153963
17.0711
0.0153195
17.0867
0.0152431
17.1022
0.0151671
17.1177
0.0150914
17.1331
0.0150161
17.1483
0.0149412
17.1636
0.0148667
17.1787
0.0147926
17.1938
0.0147188
17.2088
0.0146454
17.2237
0.0145723
17.2385
0.0144997
17.2533
0.0144273
17.268
0.0143554
17.2826
0.0142838
17.2972
0.0142125
17.3117
0.0141417
17.3261
0.0140711
17.3404
0.014001
17.3547
0.0139311
17.3689
0.0138616
17.383
0.0137925
17.397
0.0137237
17.411
0.0136553
17.4249
0.0135872
17.4388
0.0135194
17.4525
0.013452
17.4662
0.0133849
17.4799
0.0133181
17.4934
0.0132517
17.5069
0.0131856
17.5204
0.0131198
17.5337
0.0130544
17.547
0.0129893
17.5603
0.0129245
17.5734
0.01286
17.5865
0.0127959
17.5996
0.0127321
17.6125
0.0126686
17.6254
0.0126054
17.6383
0.0125425
17.651
0.01248
17.6638
0.0124177
17.6764
0.0123558
17.689
0.0122942
17.7015
0.0122329
17.714
0.0121718
17.7264
0.0121111
17.7387
0.0120507
17.751
0.0119906
17.7632
0.0119308
17.7754
0.0118713
17.7875
0.0118121
17.7995
0.0117532
17.8115
0.0116946
17.8234
0.0116363
17.8352
0.0115782
17.847
0.0115205
17.8588
0.011463
17.8704
0.0114058
17.8821
0.011349
17.8936
0.0112923
17.9051
0.011236
17.9166
0.01118
17.9279
0.0111242
17.9393
0.0110687
17.9506
0.0110135
17.9618
0.0109586
17.9729
0.010904
17.984
0.0108496
17.9951
0.0107955
18.0061
0.0107416
18.017
0.010688
18.0279
0.0106347
18.0388
0.0105817
18.0495
0.0105289
18.0603
0.0104764
18.0709
0.0104242
18.0816
0.0103722
18.0921
0.0103204
18.1026
0.010269
18.1131
0.0102177
18.1235
0.0101668
18.1339
0.0101161
18.1442
0.0100656
18.1544
0.0100154
18.1646
0.00996546
18.1748
0.00991576
18.1849
0.0098663
18.1949
0.0098171
18.2049
0.00976813
18.2149
0.00971941
18.2248
0.00967094
18.2346
0.0096227
18.2444
0.00957471
18.2542
0.00952696
18.2639
0.00947944
18.2735
0.00943216
18.2832
0.00938512
18.2927
0.00933831
18.3022
0.00929174
18.3117
0.00924539
18.3211
0.00919928
18.3305
0.0091534
18.3398
0.00910775
18.3491
0.00906232
18.3583
0.00901712
18.3675
0.00897215
18.3766
0.0089274
18.3857
0.00888288
18.3948
0.00883857
18.4038
0.00879449
18.4127
0.00875063
18.4217
0.00870698
18.4305
0.00866356
18.4394
0.00862035
18.4481
0.00857735
18.4569
0.00853457
18.4656
0.00849201
18.4742
0.00844965
18.4828
0.00840751
18.4914
0.00836558
18.4999
0.00832385
18.5084
0.00828234
18.5168
0.00824103
18.5252
0.00819993
18.5336
0.00815903
18.5419
0.00811834
18.5502
0.00807785
18.5584
0.00803756
18.5666
0.00799747
18.5747
0.00795758
18.5828
0.00791789
18.5909
0.0078784
18.5989
0.00783911
18.6069
0.00780001
18.6148
0.00776111
18.6228
0.0077224
18.6306
0.00768389
18.6384
0.00764556
18.6462
0.00760743
18.654
0.00756949
18.6617
0.00753173
18.6694
0.00749417
18.677
0.00745679
18.6846
0.0074196
18.6922
0.0073826
18.6997
0.00734578
18.7072
0.00730914
18.7146
0.00727268
18.722
0.00723641
18.7294
0.00720032
18.7367
0.00716441
18.744
0.00712867
18.7513
0.00709312
18.7585
0.00705774
18.7657
0.00702254
18.7728
0.00698752
18.78
0.00695267
18.787
0.00691799
18.7941
0.00688349
18.8011
0.00684916
18.8081
0.006815
18.815
0.00678101
18.8219
0.00674718
18.8288
0.00671353
18.8356
0.00668005
18.8424
0.00664673
18.8492
0.00661358
18.856
0.0065806
18.8627
0.00654778
18.8693
0.00651512
18.876
0.00648262
18.8826
0.00645029
18.8891
0.00641812
18.8957
0.00638611
18.9022
0.00635426
18.9087
0.00632257
18.9151
0.00629103
18.9215
0.00625966
18.9279
0.00622844
18.9342
0.00619737
18.9405
0.00616646
18.9468
0.00613571
18.9531
0.00610511
18.9593
0.00607466
18.9655
0.00604436
18.9716
0.00601421
18.9778
0.00598422
18.9839
0.00595437
18.9899
0.00592467
18.996
0.00589512
19.002
0.00586572
19.0079
0.00583647
19.0139
0.00580736
19.0198
0.00577839
19.0257
0.00574957
19.0315
0.0057209
19.0374
0.00569236
19.0432
0.00566397
19.0489
0.00563572
19.0547
0.00560761
19.0604
0.00557965
19.0661
0.00555182
19.0717
0.00552413
19.0774
0.00549658
19.083
0.00546916
19.0885
0.00544188
19.0941
0.00541474
19.0996
0.00538774
19.1051
0.00536086
19.1105
0.00533413
19.116
0.00530752
19.1214
0.00528105
19.1268
0.00525471
19.1321
0.0052285
19.1374
0.00520243
19.1427
0.00517648
19.148
0.00515066
19.1533
0.00512497
19.1585
0.00509941
19.1637
0.00507398
19.1688
0.00504867
19.174
0.00502349
19.1791
0.00499844
19.1842
0.00497351
19.1893
0.0049487
19.1943
0.00492402
19.1993
0.00489946
19.2043
0.00487503
19.2093
0.00485071
19.2142
0.00482652
19.2191
0.00480245
19.224
0.00477849
19.2289
0.00475466
19.2337
0.00473095
19.2386
0.00470735
19.2433
0.00468387
19.2481
0.00466051
19.2529
0.00463727
19.2576
0.00461414
19.2623
0.00459113
19.267
0.00456823
19.2716
0.00454544
19.2763
0.00452277
19.2809
0.00450022
19.2854
0.00447777
19.29
0.00445544
19.2945
0.00443322
19.2991
0.00441111
19.3036
0.00438911
19.308
0.00436721
19.3125
0.00434543
19.3169
0.00432376
19.3213
0.00430219
19.3257
0.00428074
19.33
0.00425939
19.3344
0.00423814
19.3387
0.00421701
19.343
0.00419597
19.3473
0.00417505
19.3515
0.00415422
19.3558
0.0041335
19.36
0.00411289
19.3642
0.00409237
19.3683
0.00407196
19.3725
0.00405165
19.3766
0.00403145
19.3807
0.00401134
19.3848
0.00399133
19.3889
0.00397143
19.3929
0.00395162
19.3969
0.00393191
19.4009
0.0039123
19.4049
0.00389279
19.4089
0.00387337
19.4128
0.00385405
19.4168
0.00383483
19.4207
0.0038157
19.4246
0.00379667
19.4284
0.00377774
19.4323
0.0037589
19.4361
0.00374015
19.4399
0.00372149
19.4437
0.00370293
19.4475
0.00368447
19.4512
0.00366609
19.455
0.0036478
19.4587
0.00362961
19.4624
0.00361151
19.4661
0.0035935
19.4697
0.00357557
19.4734
0.00355774
19.477
0.00354
19.4806
0.00352234
19.4842
0.00350477
19.4877
0.00348729
19.4913
0.0034699
19.4948
0.00345259
19.4983
0.00343537
19.5018
0.00341824
19.5053
0.00340119
19.5088
0.00338423
19.5122
0.00336735
19.5157
0.00335055
19.5191
0.00333384
19.5225
0.00331721
19.5259
0.00330067
19.5292
0.00328421
19.5326
0.00326783
19.5359
0.00325153
19.5392
0.00323531
19.5425
0.00321918
19.5458
0.00320312
19.549
0.00318714
19.5523
0.00317125
19.5555
0.00315543
19.5587
0.00313969
19.5619
0.00312403
19.5651
0.00310845
19.5683
0.00309295
19.5714
0.00307752
19.5746
0.00306217
19.5777
0.0030469
19.5808
0.00303171
19.5839
0.00301658
19.587
0.00300154
19.59
0.00298657
19.5931
0.00297167
19.5961
0.00295685
19.5991
0.00294211
19.6021
0.00292743
19.6051
0.00291283
19.608
0.0028983
19.611
0.00288385
19.6139
0.00286946
19.6169
0.00285515
19.6198
0.00284091
19.6227
0.00282674
19.6255
0.00281265
19.6284
0.00279862
19.6313
0.00278466
19.6341
0.00277077
19.6369
0.00275695
19.6397
0.0027432
19.6425
0.00272952
19.6453
0.00271591
19.6481
0.00270236
19.6508
0.00268888
19.6536
0.00267547
19.6563
0.00266213
19.659
0.00264885
19.6617
0.00263564
19.6644
0.00262249
19.667
0.00260941
19.6697
0.0025964
19.6723
0.00258345
19.675
0.00257056
19.6776
0.00255774
19.6802
0.00254499
19.6828
0.00253229
19.6854
0.00251966
19.6879
0.0025071
19.6905
0.00249459
19.693
0.00248215
19.6956
0.00246977
19.6981
0.00245745
19.7006
0.0024452
19.7031
0.002433
19.7056
0.00242087
19.708
0.00240879
19.7105
0.00239678
19.7129
0.00238482
19.7153
0.00237293
19.7178
0.00236109
19.7202
0.00234932
19.7226
0.0023376
19.7249
0.00232594
19.7273
0.00231434
19.7297
0.0023028
19.732
0.00229131
19.7343
0.00227989
19.7367
0.00226851
19.739
0.0022572
19.7413
0.00224594
19.7436
0.00223474
19.7458
0.0022236
19.7481
0.0022125
19.7504
0.00220147
19.7526
0.00219049
19.7548
0.00217957
19.7571
0.00216869
19.7593
0.00215788
19.7615
0.00214712
19.7637
0.00213641
19.7658
0.00212575
19.768
0.00211515
19.7701
0.0021046
19.7723
0.0020941
19.7744
0.00208366
19.7765
0.00207327
19.7787
0.00206293
19.7808
0.00205264
19.7829
0.0020424
19.7849
0.00203221
19.787
0.00202208
19.7891
0.00201199
19.7911
0.00200196
19.7932
0.00199197
19.7952
0.00198204
19.7972
0.00197215
19.7992
0.00196232
19.8012
0.00195253
19.8032
0.00194279
19.8052
0.0019331
19.8071
0.00192346
19.8091
0.00191387
19.8111
0.00190432
19.813
0.00189482
19.8149
0.00188537
19.8168
0.00187597
19.8188
0.00186661
19.8207
0.0018573
19.8226
0.00184804
19.8244
0.00183882
19.8263
0.00182965
19.8282
0.00182053
19.83
0.00181145
19.8319
0.00180241
19.8337
0.00179342
19.8355
0.00178448
19.8374
0.00177558
19.8392
0.00176672
19.841
0.00175791
19.8427
0.00174914
19.8445
0.00174042
19.8463
0.00173174
19.8481
0.0017231
19.8498
0.00171451
19.8516
0.00170596
19.8533
0.00169745
19.855
0.00168898
19.8568
0.00168056
19.8585
0.00167218
19.8602
0.00166384
19.8619
0.00165554
19.8636
0.00164728
19.8652
0.00163906
19.8669
0.00163089
19.8686
0.00162276
19.8702
0.00161466
19.8719
0.00160661
19.8735
0.0015986
19.8751
0.00159062
19.8767
0.00158269
19.8784
0.0015748
19.88
0.00156694
19.8816
0.00155913
19.8831
0.00155135
19.8847
0.00154361
19.8863
0.00153591
19.8879
0.00152825
19.8894
0.00152063
19.891
0.00151305
19.8925
0.0015055
19.894
0.00149799
19.8956
0.00149052
19.8971
0.00148309
19.8986
0.00147569
19.9001
0.00146833
19.9016
0.00146101
19.9031
0.00145372
19.9046
0.00144647
19.906
0.00143925
19.9075
0.00143208
19.909
0.00142493
19.9104
0.00141783
19.9119
0.00141076
19.9133
0.00140372
19.9147
0.00139672
19.9162
0.00138975
19.9176
0.00138282
19.919
0.00137592
19.9204
0.00136906
19.9218
0.00136223
19.9232
0.00135544
19.9245
0.00134868
19.9259
0.00134195
19.9273
0.00133526
19.9286
0.0013286
19.93
0.00132197
19.9313
0.00131538
19.9327
0.00130882
19.934
0.00130229
19.9353
0.0012958
19.9367
0.00128933
19.938
0.0012829
19.9393
0.0012765
19.9406
0.00127014
19.9419
0.0012638
19.9432
0.0012575
19.9444
0.00125123
19.9457
0.00124499
19.947
0.00123878
19.9482
0.0012326
19.9495
0.00122645
19.9508
0.00122033
19.952
0.00121425
19.9532
0.00120819
19.9545
0.00120217
19.9557
0.00119617
19.9569
0.0011902
19.9581
0.00118427
19.9593
0.00117836
19.9605
0.00117248
19.9617
0.00116664
19.9629
0.00116082
19.9641
0.00115503
19.9653
0.00114927
19.9664
0.00114354
19.9676
0.00113783
19.9688
0.00113216
19.9699
0.00112651
19.9711
0.00112089
19.9722
0.0011153
19.9733
0.00110974
19.9745
0.0011042
19.9756
0.0010987
19.9767
0.00109322
19.9778
0.00108777
19.9789
0.00108234
19.98
0.00107694
19.9811
0.00107157
19.9822
0.00106623
19.9833
0.00106091
19.9844
0.00105562
19.9855
0.00105035
19.9865
0.00104511
19.9876
0.0010399
19.9887
0.00103471
19.9897
0.00102955
19.9908
0.00102442
19.9918
0.00101931
19.9929
0.00101423
19.9939
0.00100917
19.9949
0.00100413
19.9959
0.000999126
19.997
0.000994143
19.998
0.000989184
19.999
0.000984251
20
0.000979342
20.001
0.000974457
0
0.000969597
0
0.000964761
0
0.000959949
0
0.000955162
0
0.000950398
0
0.000945658
0
0.000940941
0
0.000936248
0
0.000931579
0
0.000926932
0
0.000922309
0
0.000917709
0
0.000913132
0
0.000908578
0
0.000904046
0
0.1009
0
0.100396
0
0.0998956
0
0.0993973
0
0.0989016
0.100748
0.0984083
0.200993
0.0979175
0.300739
0.0974291
0.399987
0.0969432
0.49874
0.0964597
0.597
0.0959786
0.694771
0.0954999
0.792053
0.0950236
0.888851
0.0945497
0.985166
0.0940781
1.081
0.0936089
1.17636
0.093142
1.27124
0.0926775
1.36564
0.0922152
1.45958
0.0917553
1.55305
0.0912977
1.64605
0.0908423
1.73859
0.0903892
1.83067
0.0899384
1.92228
0.0894899
2.01344
0.0890435
2.10415
0.0885994
2.1944
0.0881575
2.28421
0.0877178
2.37356
0.0872803
2.46247
0.086845
2.55094
0.0864119
2.63896
0.0859809
2.72655
0.0855521
2.8137
0.0851254
2.90041
0.0847008
2.9867
0.0842784
3.07255
0.083858
3.15797
0.0834398
3.24297
0.0830236
3.32754
0.0826096
3.41169
0.0821975
3.49543
0.0817876
3.57874
0.0813797
3.66164
0.0809738
3.74412
0.0805699
3.8262
0.0801681
3.90786
0.0797682
3.98912
0.0793704
4.06997
0.0789745
4.15042
0.0785806
4.23047
0.0781887
4.31012
0.0777987
4.38937
0.0774107
4.46822
0.0770246
4.54669
0.0766405
4.62476
0.0762582
4.70244
0.0758779
4.77973
0.0754994
4.85664
0.0751229
4.93317
0.0747482
5.00931
0.0743754
5.08508
0.0740045
5.16046
0.0736354
5.23547
0.0732681
5.31011
0.0729027
5.38437
0.0725391
5.45826
0.0721773
5.53179
0.0718173
5.60495
0.0714591
5.67774
0.0711027
5.75017
0.0707481
5.82224
0.0703952
5.89395
0.0700441
5.9653
0.0696948
6.0363
0.0693472
6.10694
0.0690013
6.17723
0.0686572
6.24717
0.0683147
6.31676
0.067974
6.386
0.067635
6.4549
0.0672977
6.52345
0.066962
6.59166
0.066628
6.65954
0.0662957
6.72707
0.0659651
6.79426
0.0656361
6.86113
0.0653087
6.92765
0.064983
6.99385
0.0646589
7.05972
0.0643364
7.12525
0.0640155
7.19046
0.0636962
7.25535
0.0633785
7.31991
0.0630624
7.38415
0.0627479
7.44807
0.062435
7.51167
0.0621236
7.57495
0.0618137
7.63792
0.0615054
7.70058
0.0611987
7.76292
0.0608934
7.82495
0.0605897
7.88667
0.0602875
7.94808
0.0599868
8.00919
0.0596877
8.06999
0.05939
8.13049
0.0590938
8.19068
0.058799
8.25058
0.0585058
8.31018
0.058214
8.36948
0.0579236
8.42849
0.0576347
8.4872
0.0573473
8.54561
0.0570613
8.60374
0.0567767
8.66158
0.0564935
8.71913
0.0562117
8.77639
0.0559314
8.83336
0.0556524
8.89005
0.0553748
8.94646
0.0550987
9.00259
0.0548239
9.05844
0.0545504
9.114
0.0542783
9.1693
0.0540076
9.22431
0.0537383
9.27905
0.0534702
9.33352
0.0532036
9.38772
0.0529382
9.44165
0.0526742
9.4953
0.0524115
9.54869
0.0521501
9.60182
0.05189
9.65468
0.0516312
9.70727
0.0513736
9.7596
0.0511174
9.81167
0.0508625
9.86349
0.0506088
9.91504
0.0503564
9.96634
0.0501052
10.0174
0.0498553
10.0682
0.0496067
10.1187
0.0493593
10.169
0.0491131
10.219
0.0488681
10.2688
0.0486244
10.3183
0.0483819
10.3676
0.0481406
10.4166
0.0479005
10.4654
0.0476616
10.514
0.0474239
10.5623
0.0471873
10.6104
0.046952
10.6582
0.0467178
10.7058
0.0464848
10.7531
0.046253
10.8003
0.0460223
10.8471
0.0457927
10.8938
0.0455643
10.9402
0.0453371
10.9864
0.045111
11.0323
0.044886
11.0781
0.0446621
11.1236
0.0444394
11.1688
0.0442177
11.2139
0.0439972
11.2587
0.0437777
11.3033
0.0435594
11.3477
0.0433421
11.3918
0.043126
11.4357
0.0429109
11.4794
0.0426969
11.5229
0.0424839
11.5662
0.042272
11.6093
0.0420612
11.6521
0.0418514
11.6948
0.0416427
11.7372
0.041435
11.7794
0.0412283
11.8214
0.0410227
11.8632
0.0408181
11.9048
0.0406145
11.9461
0.0404119
11.9873
0.0402104
12.0283
0.0400098
12.069
0.0398103
12.1096
0.0396117
12.1499
0.0394142
12.1901
0.0392176
12.23
0.039022
12.2698
0.0388274
12.3093
0.0386337
12.3487
0.038441
12.3878
0.0382493
12.4268
0.0380585
12.4656
0.0378687
12.5041
0.0376798
12.5425
0.0374919
12.5807
0.0373049
12.6187
0.0371189
12.6565
0.0369337
12.6942
0.0367495
12.7316
0.0365662
12.7688
0.0363839
12.8059
0.0362024
12.8428
0.0360218
12.8795
0.0358422
12.916
0.0356634
12.9523
0.0354855
12.9885
0.0353086
13.0244
0.0351325
13.0602
0.0349572
13.0958
0.0347829
13.1313
0.0346094
13.1665
0.0344368
13.2016
0.034265
13.2365
0.0340941
13.2712
0.0339241
13.3058
0.0337549
13.3402
0.0335865
13.3744
0.033419
13.4084
0.0332523
13.4423
0.0330865
13.476
0.0329215
13.5095
0.0327573
13.5429
0.0325939
13.5761
0.0324313
13.6091
0.0322696
13.642
0.0321086
13.6747
0.0319485
13.7073
0.0317892
13.7397
0.0316306
13.7719
0.0314729
13.8039
0.0313159
13.8358
0.0311597
13.8676
0.0310043
13.8992
0.0308496
13.9306
0.0306958
13.9619
0.0305427
13.993
0.0303904
14.0239
0.0302388
14.0547
0.030088
14.0854
0.0299379
14.1159
0.0297886
14.1462
0.02964
14.1764
0.0294922
14.2065
0.0293451
14.2364
0.0291987
14.2661
0.0290531
14.2957
0.0289082
14.3251
0.028764
14.3544
0.0286206
14.3836
0.0284778
14.4126
0.0283358
14.4415
0.0281945
14.4702
0.0280538
14.4988
0.0279139
14.5272
0.0277747
14.5555
0.0276362
14.5836
0.0274983
14.6117
0.0273612
14.6395
0.0272247
14.6673
0.0270889
14.6949
0.0269538
14.7223
0.0268194
14.7496
0.0266856
14.7768
0.0265525
14.8039
0.0264201
14.8308
0.0262883
14.8576
0.0261572
14.8842
0.0260268
14.9107
0.025897
14.9371
0.0257678
14.9633
0.0256393
14.9895
0.0255114
15.0155
0.0253842
15.0413
0.0252576
15.067
0.0251316
15.0926
0.0250062
15.1181
0.0248815
15.1435
0.0247574
15.1687
0.0246339
15.1938
0.0245111
15.2187
0.0243888
